2 0.1094 0.3453 0.1000 0.3547 0.0969 0.3734 0.0922 0.3766 0.0906 0.4422 0.0938 0.4500 0.0984 0.4500 0.1078 0.4437 0.1109 0.4375 0.1250 0.4344 0.1375 0.4375 0.1406 0.4437 0.1469 0.4484 0.1531 0.4469 0.1562 0.4422 0.1562 0.3766 0.1516 0.3719 0.1469 0.3516 0.1391 0.3453
2 0.2734 0.4891 0.2484 0.4938 0.2391 0.5234 0.2313 0.5266 0.2328 0.5312 0.2359 0.5266 0.2375 0.5281 0.2359 0.6016 0.2422 0.6094 0.2516 0.6000 0.2844 0.5984 0.2938 0.6016 0.2984 0.5984 0.3125 0.6109 0.3156 0.6109 0.3187 0.6000 0.3172 0.5531 0.3141 0.5406 0.3141 0.5328 0.3187 0.5281 0.3187 0.5250 0.3109 0.5188 0.3047 0.4969 0.3000 0.4906 0.2750 0.4891
2 0.2281 0.7953 0.2047 0.8016 0.1922 0.8219 0.1906 0.8313 0.1781 0.8313 0.1734 0.8359 0.1734 0.8438 0.1828 0.8578 0.1828 0.8719 0.1781 0.8766 0.1766 0.9047 0.1797 0.9437 0.1844 0.9516 0.1891 0.9500 0.1922 0.9531 0.1938 0.9703 0.1969 0.9781 0.2000 0.9797 0.2062 0.9797 0.2156 0.9734 0.2172 0.9609 0.2266 0.9578 0.2391 0.9594 0.2469 0.9563 0.2547 0.9578 0.2594 0.9547 0.2906 0.9531 0.3000 0.9609 0.3016 0.9672 0.3063 0.9703 0.3141 0.9719 0.3203 0.9656 0.3219 0.8891 0.3187 0.8672 0.3125 0.8500 0.3125 0.8453 0.3172 0.8406 0.3187 0.8328 0.3156 0.8266 0.3078 0.8250 0.3031 0.8203 0.2938 0.8016 0.2891 0.7984 0.2719 0.7953
2 0.8219 0.4234 0.8047 0.4266 0.8000 0.4313 0.7937 0.4484 0.7891 0.4719 0.7891 0.5437 0.7906 0.5500 0.7984 0.5516 0.8031 0.5609 0.8063 0.5625 0.8156 0.5594 0.8234 0.5531 0.8313 0.5531 0.8375 0.5484 0.8562 0.5484 0.8672 0.5594 0.8719 0.5578 0.8719 0.4656 0.8609 0.4313 0.8469 0.4234
2 0.7906 0.2812 0.7734 0.2828 0.7656 0.2906 0.7641 0.3063 0.7594 0.3141 0.7594 0.3656 0.7656 0.3734 0.7750 0.3734 0.7859 0.3688 0.7937 0.3719 0.7984 0.3641 0.8063 0.3719 0.8219 0.3719 0.8203 0.3125 0.8109 0.2906 0.8016 0.2828 0.7922 0.2812
2 0.7469 0.2234 0.7297 0.2266 0.7250 0.2359 0.7203 0.2656 0.7234 0.3063 0.7281 0.3063 0.7344 0.3000 0.7406 0.2984 0.7625 0.2984 0.7719 0.2797 0.7734 0.2484 0.7672 0.2422 0.7656 0.2313 0.7578 0.2234
2 0.6516 0.1547 0.6422 0.1578 0.6359 0.1750 0.6375 0.2156 0.6547 0.2094 0.6766 0.2125 0.6766 0.1766 0.6687 0.1547
2 0.6766 0.1172 0.6656 0.1203 0.6625 0.1250 0.6594 0.1359 0.6594 0.1516 0.6687 0.1531 0.6719 0.1562 0.6734 0.1672 0.6781 0.1719 0.6859 0.1719 0.6891 0.1688 0.6969 0.1703 0.6969 0.1297 0.6906 0.1203 0.6813 0.1172
2 0.7453 0.1078 0.7406 0.1109 0.7391 0.1219 0.7359 0.1266 0.7359 0.1594 0.7406 0.1594 0.7469 0.1547 0.7625 0.1547 0.7656 0.1578 0.7703 0.1578 0.7703 0.1234 0.7672 0.1141 0.7625 0.1094 0.7500 0.1078
2 0.2703 0.2859 0.2500 0.2891 0.2422 0.3000 0.2359 0.3312 0.2359 0.3516 0.2391 0.3672 0.2562 0.3594 0.2797 0.3594 0.2859 0.3641 0.2906 0.3641 0.3000 0.3531 0.2969 0.3438 0.3016 0.3406 0.2953 0.3281 0.2875 0.2953 0.2844 0.2891 0.2766 0.2859
2 0.2953 0.2516 0.2844 0.2562 0.2797 0.2687 0.2750 0.2734 0.2750 0.2828 0.2766 0.2859 0.2844 0.2891 0.2906 0.3031 0.2922 0.3141 0.2984 0.3234 0.3172 0.3219 0.3219 0.3250 0.3266 0.3250 0.3297 0.3219 0.3281 0.2812 0.3312 0.2734 0.3250 0.2672 0.3234 0.2594 0.3172 0.2516
2 0.3453 0.1938 0.3359 0.2000 0.3312 0.2125 0.3312 0.2578 0.3406 0.2562 0.3453 0.2516 0.3563 0.2500 0.3688 0.2547 0.3781 0.2531 0.3781 0.2203 0.3719 0.2125 0.3688 0.1984 0.3609 0.1938
2 0.2875 0.1641 0.2781 0.1688 0.2734 0.1828 0.2703 0.2125 0.2719 0.2234 0.2750 0.2266 0.2844 0.2203 0.3016 0.2203 0.3063 0.2250 0.3125 0.2234 0.3141 0.2203 0.3125 0.1844 0.3063 0.1672 0.2969 0.1641
2 0.3828 0.1641 0.3734 0.1688 0.3672 0.1859 0.3734 0.2109 0.3766 0.2156 0.3984 0.2141 0.4016 0.2172 0.4062 0.2172 0.4062 0.1828 0.4047 0.1750 0.4000 0.1656 0.3969 0.1641
2 0.3375 0.1437 0.3297 0.1453 0.3234 0.1594 0.3219 0.1891 0.3250 0.1969 0.3344 0.1969 0.3406 0.1906 0.3531 0.1922 0.3578 0.1891 0.3578 0.1719 0.3531 0.1531 0.3484 0.1453 0.3422 0.1437
2 0.3703 0.1203 0.3641 0.1219 0.3594 0.1266 0.3578 0.1328 0.3563 0.1609 0.3609 0.1703 0.3672 0.1703 0.3766 0.1641 0.3922 0.1609 0.3922 0.1344 0.3859 0.1234 0.3797 0.1203
2 0.4875 0.0688 0.4813 0.0719 0.4766 0.0938 0.4766 0.1141 0.4813 0.1219 0.4828 0.1172 0.4875 0.1141 0.4984 0.1141 0.5047 0.1172 0.5078 0.1156 0.5094 0.1078 0.5094 0.0906 0.5047 0.0844 0.5031 0.0766 0.4984 0.0703 0.4906 0.0688
2 0.7312 0.0625 0.7266 0.0656 0.7203 0.0828 0.7203 0.1141 0.7234 0.1172 0.7297 0.1125 0.7375 0.1125 0.7453 0.1062 0.7562 0.1047 0.7547 0.0781 0.7500 0.0656 0.7438 0.0625
2 0.5703 0.0469 0.5641 0.0563 0.5625 0.0797 0.5641 0.0859 0.5703 0.0875 0.5734 0.0672 0.5719 0.0469
2 0.7156 0.0094 0.7109 0.0156 0.7109 0.0516 0.7156 0.0516 0.7234 0.0469 0.7359 0.0469 0.7375 0.0437 0.7344 0.0219 0.7281 0.0094
1 0.8063 0.0047 0.7969 0.0094 0.7891 0.0437 0.7891 0.0641 0.7922 0.0766 0.7969 0.0766 0.8063 0.0703 0.8141 0.0703 0.8187 0.0750 0.8250 0.0750 0.8266 0.0719 0.8250 0.0234 0.8219 0.0094 0.8156 0.0047
1 0.1234 0.0906 0.0766 0.0938 0.0703 0.0969 0.0516 0.1172 0.0547 0.1844 0.0531 0.2469 0.0547 0.2703 0.0578 0.2766 0.0563 0.2922 0.0594 0.3063 0.0641 0.3141 0.0703 0.3141 0.0797 0.3016 0.1266 0.3031 0.1328 0.2984 0.1406 0.2984 0.1391 0.2938 0.1422 0.2828 0.1422 0.1812 0.1453 0.1719 0.1437 0.1000 0.1391 0.0906