2 0.1281 0.6016 0.1094 0.6062 0.1031 0.6141 0.0969 0.6297 0.0891 0.6297 0.0859 0.6344 0.0891 0.6422 0.0969 0.6422 0.0938 0.6500 0.0953 0.6766 0.0922 0.6891 0.0922 0.7047 0.0938 0.7203 0.1000 0.7406 0.1094 0.7406 0.1141 0.7359 0.1156 0.7172 0.1219 0.7094 0.1219 0.6984 0.1375 0.6969 0.1406 0.7000 0.1422 0.7078 0.1453 0.7063 0.1516 0.7125 0.1594 0.7125 0.1672 0.7047 0.1922 0.6984 0.1953 0.6937 0.1969 0.6687 0.1906 0.6453 0.1984 0.6359 0.1984 0.6281 0.1969 0.6250 0.1859 0.6250 0.1828 0.6219 0.1797 0.6094 0.1734 0.6031 0.1641 0.6016
2 0.2578 0.3922 0.2359 0.3953 0.2328 0.3984 0.2281 0.4203 0.2250 0.4234 0.2266 0.4437 0.2234 0.4781 0.2250 0.4922 0.2281 0.4953 0.2313 0.4938 0.2328 0.4875 0.2391 0.4828 0.2750 0.4813 0.2859 0.4891 0.2891 0.4859 0.2875 0.4297 0.2906 0.4266 0.2906 0.4188 0.2844 0.4156 0.2828 0.4031 0.2781 0.3953 0.2719 0.3922
2 0.1797 0.3250 0.1734 0.3297 0.1734 0.3422 0.1766 0.3438 0.1844 0.3422 0.1859 0.3391 0.1859 0.3328 0.1812 0.3250
2 0.1641 0.2859 0.1453 0.2875 0.1391 0.2906 0.1344 0.3094 0.1297 0.3141 0.1281 0.3703 0.1313 0.3797 0.1578 0.3688 0.1656 0.3719 0.1688 0.3703 0.1734 0.3750 0.1797 0.3766 0.1891 0.3719 0.1891 0.3328 0.1859 0.3219 0.1875 0.3141 0.1828 0.3094 0.1766 0.2906 0.1656 0.2859
2 0.3047 0.2375 0.2906 0.2406 0.2812 0.2609 0.2828 0.2687 0.2797 0.2938 0.2828 0.3063 0.2875 0.3063 0.2953 0.3000 0.3125 0.3000 0.3219 0.3047 0.3281 0.3047 0.3328 0.2984 0.3328 0.2703 0.3250 0.2531 0.3234 0.2437 0.3141 0.2375
2 0.3250 0.2047 0.3156 0.2094 0.3078 0.2328 0.3094 0.2359 0.3187 0.2391 0.3234 0.2437 0.3328 0.2703 0.3563 0.2703 0.3578 0.2656 0.3563 0.2203 0.3484 0.2078 0.3438 0.2047
2 0.3312 0.1359 0.3266 0.1422 0.3234 0.1531 0.3234 0.1906 0.3375 0.1844 0.3484 0.1844 0.3516 0.1891 0.3609 0.1891 0.3609 0.1516 0.3594 0.1500 0.3578 0.1547 0.3547 0.1547 0.3531 0.1375 0.3484 0.1359
2 0.3922 0.7750 0.3797 0.7781 0.3750 0.7828 0.3672 0.7984 0.3625 0.8172 0.3531 0.8172 0.3469 0.8234 0.3484 0.8328 0.3547 0.8344 0.3594 0.8406 0.3516 0.8547 0.3516 0.8734 0.3547 0.8906 0.3531 0.9156 0.3563 0.9250 0.3641 0.9266 0.3672 0.9297 0.3672 0.9406 0.3688 0.9469 0.3719 0.9484 0.3844 0.9422 0.3859 0.9344 0.3891 0.9313 0.4062 0.9281 0.4219 0.9219 0.4469 0.9234 0.4562 0.9281 0.4594 0.9313 0.4609 0.9406 0.4656 0.9453 0.4734 0.9453 0.4766 0.9391 0.4766 0.8703 0.4688 0.8359 0.4688 0.8297 0.4734 0.8250 0.4734 0.8187 0.4641 0.8125 0.4609 0.8016 0.4562 0.7953 0.4547 0.7859 0.4484 0.7781 0.4422 0.7750 0.4141 0.7750
2 0.7703 0.2703 0.7578 0.2766 0.7516 0.3016 0.7516 0.3547 0.7562 0.3625 0.7812 0.3563 0.7984 0.3594 0.8094 0.3578 0.8094 0.2969 0.7984 0.2766 0.7906 0.2703
2 0.6438 0.1953 0.6375 0.1969 0.6312 0.2031 0.6281 0.2172 0.6234 0.2203 0.6266 0.2375 0.6266 0.2641 0.6438 0.2625 0.6484 0.2594 0.6703 0.2625 0.6719 0.2188 0.6672 0.2156 0.6672 0.2094 0.6625 0.2000 0.6547 0.1953
2 0.7312 0.1344 0.7219 0.1391 0.7172 0.1531 0.7172 0.1922 0.7219 0.1922 0.7266 0.1875 0.7469 0.1875 0.7516 0.1906 0.7547 0.1875 0.7547 0.1531 0.7469 0.1375 0.7406 0.1344
2 0.6891 0.0891 0.6844 0.0953 0.6797 0.1109 0.6813 0.1469 0.6859 0.1469 0.6891 0.1422 0.6953 0.1406 0.7047 0.1406 0.7141 0.1453 0.7188 0.1391 0.7172 0.1047 0.7125 0.0938 0.7031 0.0891
2 0.6609 0.1500 0.6469 0.1516 0.6438 0.1547 0.6375 0.1875 0.6406 0.1938 0.6531 0.1922 0.6594 0.1953 0.6687 0.2094 0.6766 0.2109 0.6797 0.2078 0.6813 0.1688 0.6750 0.1562 0.6625 0.1500
2 0.8875 0.3516 0.8828 0.3563 0.8828 0.4344 0.8859 0.4391 0.8875 0.4609 0.8953 0.4562 0.9172 0.4594 0.9203 0.4531 0.9203 0.4125 0.9172 0.4031 0.9203 0.3953 0.9203 0.3859 0.9141 0.3812 0.9078 0.3641 0.9000 0.3563 0.8891 0.3531
2 0.3906 0.1562 0.3844 0.1609 0.3797 0.1688 0.3797 0.2125 0.3875 0.2125 0.3906 0.2094 0.4062 0.2062 0.4078 0.1781 0.4047 0.1562
2 0.3844 0.1172 0.3797 0.1219 0.3750 0.1406 0.3766 0.1656 0.3797 0.1672 0.3875 0.1562 0.4047 0.1531 0.4016 0.1219 0.3969 0.1172
2 0.4359 0.1297 0.4266 0.1313 0.4219 0.1359 0.4234 0.1750 0.4266 0.1812 0.4297 0.1781 0.4453 0.1797 0.4500 0.1750 0.4531 0.1797 0.4562 0.1750 0.4547 0.1516 0.4531 0.1484 0.4500 0.1500 0.4469 0.1469 0.4437 0.1328 0.4406 0.1297
2 0.5484 0.0500 0.5422 0.0516 0.5375 0.0578 0.5328 0.0859 0.5359 0.0953 0.5453 0.0922 0.5656 0.0922 0.5656 0.0734 0.5609 0.0594 0.5563 0.0531 0.5500 0.0500
2 0.6344 0.0297 0.6297 0.0344 0.6266 0.0484 0.6281 0.0625 0.6312 0.0656 0.6500 0.0656 0.6547 0.0609 0.6547 0.0469 0.6453 0.0297
2 0.7500 0.0437 0.7391 0.0453 0.7297 0.0594 0.7281 0.0719 0.7312 0.0859 0.7469 0.0844 0.7500 0.0813 0.7516 0.0437
0 0.2359 0.1281 0.2328 0.1313 0.2141 0.1297 0.1938 0.1344 0.1859 0.1484 0.1875 0.1531 0.1844 0.1812 0.1844 0.2516 0.1875 0.2672 0.1875 0.2844 0.1922 0.3000 0.2000 0.3000 0.2047 0.2922 0.2094 0.2922 0.2188 0.2859 0.2391 0.2844 0.2484 0.2859 0.2547 0.2906 0.2625 0.2844 0.2641 0.2797 0.2656 0.1609 0.2625 0.1578 0.2656 0.1531 0.2609 0.1500 0.2625 0.1422 0.2531 0.1297 0.2469 0.1313 0.2375 0.1281
1 0.1609 0.0719 0.1187 0.0750 0.1062 0.0828 0.0953 0.0953 0.0953 0.1297 0.0906 0.1422 0.0906 0.1500 0.0953 0.1688 0.0938 0.1734 0.0969 0.1984 0.0969 0.2281 0.1000 0.2375 0.0984 0.2547 0.1031 0.2734 0.1062 0.2766 0.1141 0.2766 0.1203 0.2672 0.1391 0.2672 0.1484 0.2609 0.1688 0.2578 0.1734 0.2609 0.1828 0.2547 0.1844 0.1422 0.1812 0.1297 0.1812 0.0828 0.1781 0.0734 0.1625 0.0734
1 0.8375 0.0125 0.8328 0.0156 0.8266 0.0156 0.8187 0.0297 0.8172 0.0437 0.8203 0.0500 0.8219 0.0859 0.8250 0.0891 0.8359 0.0875 0.8375 0.0828 0.8422 0.0797 0.8625 0.0875 0.8641 0.0813 0.8609 0.0594 0.8609 0.0172 0.8562 0.0172 0.8531 0.0141 0.8391 0.0141
1 0.7734 0.0203 0.7625 0.0219 0.7562 0.0266 0.7516 0.0547 0.7516 0.0906 0.7547 0.0969 0.7594 0.0953 0.7641 0.0891 0.7766 0.0891 0.7828 0.0953 0.7859 0.0953 0.7891 0.0906 0.7859 0.0344 0.7766 0.0203
1 0.1922 0.7000 0.1688 0.7063 0.1547 0.7172 0.1406 0.7172 0.1375 0.7109 0.1266 0.7109 0.1250 0.7156 0.1187 0.7188 0.1156 0.7422 0.1156 0.8234 0.1187 0.8781 0.1156 0.9359 0.1172 0.9812 0.1203 0.9859 0.1219 0.9984 0.3078 0.9984 0.3094 0.9641 0.3063 0.9016 0.3078 0.8750 0.3047 0.7328 0.3016 0.7250 0.2875 0.7094 0.2781 0.7094 0.2734 0.7063 0.2594 0.7094 0.2359 0.7094 0.2266 0.7063 0.2234 0.7016 0.2188 0.7000