2 0.1375 0.6188 0.1234 0.6203 0.1219 0.6344 0.1219 0.6781 0.1187 0.7188 0.1187 0.7766 0.1219 0.7859 0.1219 0.7766 0.1266 0.7703 0.1656 0.7734 0.1734 0.7766 0.1750 0.7828 0.1812 0.7828 0.1859 0.7672 0.1891 0.7641 0.2000 0.7641 0.2047 0.7562 0.2047 0.6750 0.2016 0.6594 0.1953 0.6500 0.1922 0.6391 0.1875 0.6344 0.1875 0.6219 0.1844 0.6203 0.1797 0.6234 0.1703 0.6234 0.1531 0.6188 0.1391 0.6203
2 0.1266 0.4828 0.1234 0.5219 0.1234 0.6156 0.1297 0.6172 0.1484 0.6172 0.1578 0.6062 0.1641 0.6062 0.1672 0.5984 0.1672 0.5266 0.1578 0.4906 0.1547 0.4859 0.1469 0.4828
2 0.7047 0.4750 0.6953 0.4813 0.6891 0.4938 0.6891 0.4984 0.6859 0.5016 0.6766 0.5031 0.6766 0.5109 0.6828 0.5172 0.6797 0.5234 0.6813 0.5969 0.6844 0.5984 0.7000 0.5828 0.7156 0.5828 0.7234 0.5875 0.7312 0.5875 0.7359 0.5844 0.7453 0.5859 0.7578 0.6000 0.7625 0.5984 0.7656 0.5891 0.7656 0.5203 0.7703 0.5156 0.7719 0.5078 0.7703 0.5047 0.7594 0.5000 0.7562 0.4875 0.7484 0.4781 0.7312 0.4750
2 0.8875 0.4578 0.8812 0.4641 0.8766 0.4781 0.8719 0.4828 0.8688 0.4828 0.8641 0.4891 0.8703 0.4953 0.8672 0.5250 0.8688 0.5687 0.8719 0.5734 0.8844 0.5609 0.8922 0.5641 0.8984 0.5609 0.9172 0.5609 0.9344 0.5656 0.9406 0.5766 0.9469 0.5766 0.9484 0.5734 0.9469 0.5156 0.9516 0.4891 0.9406 0.4813 0.9359 0.4688 0.9359 0.4609 0.9250 0.4578
2 0.7203 0.3516 0.7078 0.3547 0.7000 0.3781 0.6969 0.4141 0.6984 0.4578 0.7016 0.4625 0.7203 0.4516 0.7297 0.4516 0.7391 0.4531 0.7516 0.4594 0.7547 0.4672 0.7641 0.4656 0.7656 0.4109 0.7609 0.3922 0.7594 0.3703 0.7562 0.3609 0.7469 0.3531 0.7328 0.3516
2 0.8484 0.3469 0.8406 0.3500 0.8297 0.3719 0.8297 0.4344 0.8344 0.4359 0.8438 0.4297 0.8594 0.4297 0.8766 0.4328 0.8797 0.4391 0.8875 0.4391 0.8891 0.4359 0.8875 0.3906 0.8922 0.3719 0.8859 0.3688 0.8781 0.3531 0.8703 0.3484 0.8547 0.3469
2 0.7672 0.3031 0.7594 0.3047 0.7547 0.3094 0.7516 0.3234 0.7469 0.3297 0.7500 0.3328 0.7469 0.3484 0.7578 0.3594 0.7625 0.3781 0.7672 0.3828 0.7719 0.3828 0.7750 0.3797 0.7906 0.3812 0.7969 0.3891 0.8016 0.3906 0.8063 0.3844 0.8063 0.3563 0.8031 0.3297 0.7953 0.3063 0.7844 0.3031
2 0.8203 0.2687 0.8141 0.2719 0.8000 0.3047 0.8031 0.3328 0.8078 0.3453 0.8187 0.3375 0.8313 0.3375 0.8375 0.3406 0.8406 0.3391 0.8438 0.3438 0.8531 0.3438 0.8562 0.3391 0.8562 0.2938 0.8516 0.2891 0.8484 0.2781 0.8438 0.2719 0.8219 0.2687
2 0.9109 0.2422 0.8984 0.2453 0.8922 0.2562 0.8922 0.2641 0.8859 0.2859 0.8875 0.3203 0.8922 0.3234 0.9062 0.3156 0.9234 0.3156 0.9328 0.3250 0.9391 0.3250 0.9406 0.2969 0.9375 0.2625 0.9313 0.2469 0.9125 0.2437
2 0.8469 0.2062 0.8422 0.2094 0.8391 0.2203 0.8328 0.2281 0.8313 0.2625 0.8328 0.2656 0.8469 0.2687 0.8641 0.2656 0.8750 0.2734 0.8797 0.2734 0.8828 0.2672 0.8812 0.2297 0.8766 0.2125 0.8719 0.2078 0.8641 0.2062
2 0.7312 0.1984 0.7234 0.2062 0.7234 0.2141 0.7188 0.2188 0.7172 0.2578 0.7125 0.2578 0.7078 0.2516 0.6828 0.2500 0.6766 0.2531 0.6703 0.2719 0.6703 0.3219 0.6750 0.3234 0.6828 0.3172 0.7000 0.3172 0.7125 0.3266 0.7172 0.3266 0.7188 0.3094 0.7172 0.3063 0.7203 0.2703 0.7172 0.2672 0.7266 0.2625 0.7312 0.2562 0.7516 0.2578 0.7562 0.2641 0.7625 0.2641 0.7625 0.2203 0.7562 0.2031 0.7469 0.1984
2 0.7875 0.2469 0.7797 0.2547 0.7781 0.2625 0.7734 0.2672 0.7734 0.2938 0.7781 0.3016 0.7953 0.3031 0.7984 0.3078 0.8063 0.2922 0.8109 0.2734 0.8203 0.2672 0.8187 0.2531 0.8141 0.2484 0.8063 0.2469
2 0.7703 0.1578 0.7609 0.1609 0.7547 0.1781 0.7547 0.1984 0.7625 0.2109 0.7625 0.2156 0.7812 0.2156 0.7875 0.2234 0.7937 0.2234 0.7953 0.2203 0.7953 0.1938 0.7906 0.1625 0.7859 0.1594 0.7719 0.1594
2 0.6797 0.1516 0.6750 0.1547 0.6687 0.1688 0.6656 0.2047 0.6672 0.2078 0.6813 0.2031 0.6953 0.2047 0.7016 0.2094 0.7047 0.2094 0.7063 0.2031 0.7047 0.1672 0.7000 0.1625 0.6969 0.1531 0.6906 0.1516
2 0.5969 0.1516 0.5922 0.1578 0.5922 0.2000 0.5953 0.2031 0.6141 0.2031 0.6219 0.2094 0.6266 0.2031 0.6266 0.1766 0.6203 0.1562 0.6156 0.1516
2 0.6312 0.1297 0.6281 0.1344 0.6266 0.1469 0.6234 0.1500 0.6266 0.1625 0.6266 0.1766 0.6297 0.1812 0.6328 0.1781 0.6438 0.1781 0.6500 0.1828 0.6562 0.1828 0.6562 0.1578 0.6531 0.1375 0.6469 0.1297
2 0.6594 0.1094 0.6547 0.1141 0.6531 0.1313 0.6562 0.1375 0.6578 0.1547 0.6609 0.1562 0.6641 0.1531 0.6828 0.1484 0.6859 0.1422 0.6813 0.1156 0.6734 0.1094
2 0.2859 0.3375 0.2781 0.3391 0.2750 0.3438 0.2703 0.3594 0.2656 0.3656 0.2656 0.3734 0.2625 0.3766 0.2609 0.4328 0.2672 0.4344 0.2750 0.4266 0.2938 0.4234 0.3016 0.4281 0.3125 0.4297 0.3141 0.4359 0.3250 0.4359 0.3312 0.4250 0.3328 0.3828 0.3250 0.3656 0.3219 0.3453 0.3172 0.3391 0.3125 0.3375
2 0.4391 0.3016 0.4297 0.3109 0.4250 0.3281 0.4188 0.3359 0.4203 0.3969 0.4234 0.4016 0.4266 0.4016 0.4344 0.3984 0.4391 0.3922 0.4500 0.3937 0.4719 0.4031 0.4781 0.4031 0.4797 0.4000 0.4797 0.3484 0.4859 0.3375 0.4813 0.3312 0.4750 0.3125 0.4688 0.3078 0.4656 0.3016
2 0.3047 0.2906 0.2953 0.2953 0.2891 0.3094 0.2812 0.3172 0.2859 0.3250 0.2859 0.3328 0.3094 0.3344 0.3187 0.3375 0.3266 0.3469 0.3297 0.3703 0.3344 0.3750 0.3391 0.3750 0.3391 0.3797 0.3438 0.3781 0.3484 0.3719 0.3484 0.3203 0.3391 0.3078 0.3359 0.2953 0.3250 0.2906
2 0.2219 0.2469 0.2078 0.2547 0.2016 0.2812 0.2016 0.3078 0.2047 0.3281 0.2109 0.3250 0.2516 0.3266 0.2531 0.3234 0.2531 0.2750 0.2484 0.2672 0.2453 0.2516 0.2313 0.2469
2 0.2359 0.1906 0.2313 0.1953 0.2297 0.2062 0.2250 0.2109 0.2234 0.2437 0.2437 0.2484 0.2500 0.2594 0.2656 0.2609 0.2703 0.2594 0.2703 0.2141 0.2625 0.1938 0.2531 0.1906
2 0.3641 0.2094 0.3547 0.2125 0.3484 0.2281 0.3438 0.2781 0.3469 0.2812 0.3703 0.2781 0.3781 0.2828 0.3922 0.2812 0.3922 0.2375 0.3875 0.2172 0.3844 0.2125 0.3781 0.2094
2 0.4625 0.2500 0.4562 0.2531 0.4484 0.2531 0.4453 0.2562 0.4359 0.2875 0.4344 0.3031 0.4406 0.2984 0.4703 0.3000 0.4828 0.3234 0.4875 0.3219 0.4891 0.3109 0.4859 0.2766 0.4875 0.2672 0.4828 0.2625 0.4781 0.2500
2 0.3531 0.1672 0.3438 0.1688 0.3375 0.1750 0.3328 0.1891 0.3328 0.2313 0.3422 0.2313 0.3453 0.2266 0.3484 0.2281 0.3516 0.2172 0.3563 0.2109 0.3766 0.2062 0.3781 0.1922 0.3719 0.1844 0.3703 0.1750 0.3656 0.1688 0.3578 0.1672
2 0.2516 0.1594 0.2484 0.1703 0.2437 0.1734 0.2406 0.1812 0.2453 0.1891 0.2562 0.1906 0.2641 0.1969 0.2687 0.2047 0.2719 0.2203 0.2828 0.2203 0.2844 0.2156 0.2844 0.1766 0.2812 0.1625 0.2766 0.1594
2 0.4469 0.1812 0.4391 0.1875 0.4375 0.1938 0.4375 0.2078 0.4328 0.2219 0.4344 0.2500 0.4422 0.2469 0.4500 0.2484 0.4547 0.2437 0.4797 0.2406 0.4781 0.2141 0.4750 0.2031 0.4766 0.2016 0.4719 0.1859 0.4656 0.1812
2 0.2500 0.1203 0.2437 0.1297 0.2422 0.1406 0.2391 0.1453 0.2437 0.1688 0.2453 0.1609 0.2562 0.1516 0.2812 0.1500 0.2781 0.1453 0.2750 0.1234 0.2687 0.1203
2 0.3406 0.1359 0.3281 0.1422 0.3219 0.1672 0.3219 0.1938 0.3312 0.1938 0.3391 0.1719 0.3438 0.1672 0.3563 0.1672 0.3609 0.1641 0.3609 0.1562 0.3563 0.1500 0.3547 0.1422 0.3484 0.1375 0.3422 0.1375
2 0.2406 0.0641 0.2375 0.0672 0.2344 0.0797 0.2344 0.1062 0.2391 0.1078 0.2422 0.1047 0.2562 0.1047 0.2625 0.1094 0.2641 0.0813 0.2594 0.0672 0.2547 0.0641
1 0.0533 0.4529 0.0641 0.1325 0.1950 0.1294 0.1950 0.4298 0.1442 0.4621
1 0.1891 0.0281 0.1781 0.0297 0.1719 0.0391 0.1688 0.0859 0.1703 0.1125 0.1750 0.1156 0.1984 0.1125 0.2062 0.1187 0.2109 0.1187 0.2141 0.1141 0.2125 0.0406 0.2016 0.0312 0.1906 0.0297
1 0.5391 0.0359 0.5344 0.0406 0.5344 0.0828 0.5359 0.0984 0.5391 0.1031 0.5437 0.1047 0.5531 0.1000 0.5625 0.1031 0.5719 0.0984 0.5719 0.0406 0.5656 0.0375 0.5563 0.0391 0.5531 0.0359
1 0.4656 0.0172 0.4578 0.0203 0.4547 0.0281 0.4547 0.0781 0.4578 0.0813 0.4828 0.0813 0.4891 0.0859 0.4984 0.0750 0.5000 0.0281 0.4984 0.0219 0.4938 0.0187 0.4766 0.0172