1 0.8938 0.1125 0.8906 0.1562 0.8906 0.2516 0.8938 0.3234 0.8953 0.3281 0.9016 0.3312 0.9062 0.3438 0.9109 0.3469 0.9156 0.3469 0.9187 0.3438 0.9297 0.3469 0.9391 0.3422 0.9516 0.3406 0.9594 0.3422 0.9703 0.3578 0.9766 0.3578 0.9797 0.3531 0.9812 0.3375 0.9844 0.3328 0.9812 0.3203 0.9859 0.3109 0.9875 0.2984 0.9891 0.1422 0.9781 0.1266 0.9625 0.1141 0.9266 0.1125
1 0.1344 0.0000 0.1344 0.0578 0.1375 0.0578 0.1422 0.0531 0.1469 0.0531 0.1547 0.0578 0.1625 0.0563 0.1625 0.0266 0.1594 0.0000
2 0.2781 0.3297 0.2641 0.3312 0.2547 0.3375 0.2484 0.3609 0.2422 0.3672 0.2422 0.3719 0.2453 0.3750 0.2406 0.4172 0.2422 0.4375 0.2484 0.4391 0.2516 0.4359 0.2562 0.4359 0.2656 0.4250 0.2781 0.4250 0.2812 0.4313 0.2859 0.4313 0.2891 0.4344 0.2938 0.4344 0.2984 0.4281 0.3016 0.4313 0.3000 0.4391 0.3031 0.4391 0.3094 0.4313 0.3094 0.3688 0.3047 0.3609 0.3047 0.3469 0.2969 0.3328 0.2797 0.3312
2 0.2594 0.2734 0.2578 0.2797 0.2516 0.2812 0.2516 0.2875 0.2547 0.2844 0.2609 0.2891 0.2641 0.2875 0.2609 0.2750
2 0.6344 0.6344 0.6297 0.6359 0.6250 0.6422 0.6250 0.6531 0.6172 0.6656 0.6156 0.6766 0.6141 0.6781 0.6109 0.6750 0.6109 0.6844 0.6141 0.6875 0.6125 0.7078 0.6078 0.7250 0.6078 0.7594 0.6109 0.7859 0.6156 0.7859 0.6172 0.7750 0.6266 0.7641 0.6625 0.7625 0.6687 0.7656 0.6922 0.7688 0.7031 0.7828 0.7031 0.7875 0.7047 0.7781 0.7125 0.7734 0.7141 0.7656 0.7141 0.7016 0.7094 0.6906 0.7125 0.6875 0.7156 0.6891 0.7188 0.6813 0.7156 0.6750 0.7125 0.6750 0.7063 0.6687 0.7031 0.6531 0.6969 0.6406 0.6937 0.6375 0.6781 0.6344
2 0.2469 0.2250 0.2422 0.2313 0.2391 0.2484 0.2359 0.2516 0.2344 0.3016 0.2391 0.3047 0.2531 0.3000 0.2734 0.3000 0.2828 0.3078 0.2875 0.2984 0.2875 0.2359 0.2797 0.2297 0.2703 0.2266 0.2500 0.2250
2 0.6984 0.3141 0.6922 0.3203 0.6906 0.3297 0.6844 0.3297 0.6813 0.3328 0.6813 0.3391 0.6844 0.3422 0.6844 0.3969 0.6984 0.3953 0.7063 0.3906 0.7156 0.3922 0.7188 0.3891 0.7359 0.3906 0.7391 0.3953 0.7422 0.3937 0.7453 0.3766 0.7438 0.3375 0.7359 0.3266 0.7359 0.3203 0.7312 0.3156 0.7250 0.3141
2 0.7672 0.3516 0.7547 0.3578 0.7516 0.3719 0.7438 0.3859 0.7438 0.4328 0.7484 0.4375 0.7547 0.4375 0.7750 0.4281 0.7859 0.4266 0.7953 0.4297 0.8047 0.4391 0.8094 0.4391 0.8109 0.4359 0.8125 0.4062 0.8094 0.3844 0.8063 0.3797 0.8031 0.3641 0.7937 0.3531 0.7891 0.3547 0.7703 0.3516
2 0.8875 0.4094 0.8719 0.4328 0.8641 0.4625 0.8641 0.5375 0.8672 0.5406 0.8719 0.5406 0.8750 0.5359 0.8750 0.5297 0.8797 0.5266 0.9047 0.5266 0.9078 0.5297 0.9125 0.5297 0.9297 0.5437 0.9375 0.5437 0.9391 0.5406 0.9391 0.4672 0.9422 0.4578 0.9344 0.4500 0.9281 0.4266 0.9297 0.4188 0.9266 0.4156 0.9219 0.4141 0.9156 0.4188 0.9078 0.4188 0.9031 0.4141 0.8922 0.4125 0.8891 0.4094
2 0.6766 0.2375 0.6672 0.2453 0.6578 0.2719 0.6562 0.3063 0.6594 0.3109 0.6656 0.3109 0.6687 0.3063 0.6781 0.3047 0.6906 0.3047 0.7000 0.3109 0.7109 0.3094 0.7109 0.2703 0.7047 0.2516 0.6984 0.2422 0.6797 0.2375
2 0.6422 0.2031 0.6375 0.2078 0.6359 0.2172 0.6297 0.2203 0.6281 0.2625 0.6375 0.2656 0.6422 0.2609 0.6547 0.2609 0.6578 0.2672 0.6625 0.2609 0.6672 0.2437 0.6766 0.2344 0.6719 0.2125 0.6672 0.2062 0.6594 0.2031
2 0.7391 0.1984 0.7344 0.2031 0.7328 0.2156 0.7297 0.2188 0.7266 0.2328 0.7266 0.2625 0.7328 0.2656 0.7406 0.2609 0.7594 0.2609 0.7656 0.2672 0.7719 0.2656 0.7719 0.2203 0.7672 0.2109 0.7672 0.2047 0.7547 0.1984
2 0.6953 0.1750 0.6906 0.1828 0.6906 0.1922 0.6859 0.2031 0.6859 0.2313 0.6891 0.2328 0.7031 0.2266 0.7125 0.2266 0.7188 0.2328 0.7219 0.2328 0.7250 0.2281 0.7234 0.1891 0.7203 0.1859 0.7203 0.1812 0.7109 0.1750
2 0.6641 0.1500 0.6609 0.1531 0.6578 0.1641 0.6547 0.1656 0.6547 0.1984 0.6578 0.2016 0.6781 0.2047 0.6844 0.2047 0.6937 0.1703 0.6937 0.1641 0.6891 0.1531 0.6797 0.1500
2 0.3125 0.1234 0.3031 0.1266 0.3016 0.1313 0.2984 0.1484 0.2984 0.1703 0.3016 0.1734 0.3109 0.1703 0.3234 0.1703 0.3344 0.1750 0.3375 0.1734 0.3375 0.1422 0.3328 0.1344 0.3328 0.1281 0.3250 0.1234
2 0.2859 0.0906 0.2781 0.0984 0.2750 0.1078 0.2734 0.1359 0.2781 0.1406 0.2875 0.1375 0.2984 0.1391 0.3016 0.1266 0.3094 0.1203 0.3063 0.0984 0.2953 0.0906
2 0.2125 0.0828 0.2062 0.0875 0.2016 0.1016 0.2000 0.1297 0.2078 0.1313 0.2109 0.1281 0.2188 0.1266 0.2297 0.1328 0.2328 0.1328 0.2359 0.1234 0.2344 0.1031 0.2313 0.0984 0.2297 0.0875 0.2203 0.0828
2 0.3359 0.0250 0.3266 0.0328 0.3219 0.0641 0.3469 0.0750 0.3531 0.0750 0.3531 0.0563 0.3516 0.0344 0.3500 0.0281 0.3453 0.0250
2 0.2594 0.1859 0.2547 0.1875 0.2484 0.2047 0.2437 0.2078 0.2453 0.2281 0.2766 0.2281 0.2812 0.2328 0.2859 0.2516 0.2906 0.2484 0.2906 0.2125 0.2859 0.2047 0.2844 0.1922 0.2781 0.1875 0.2703 0.1859
0 0.8313 0.1938 0.8125 0.1969 0.8078 0.2000 0.7984 0.2141 0.8000 0.2234 0.7953 0.2266 0.8000 0.3094 0.8000 0.3172 0.7969 0.3219 0.7969 0.3484 0.8063 0.3609 0.8109 0.3719 0.8125 0.3906 0.8156 0.3969 0.8453 0.3969 0.8703 0.4000 0.8766 0.4031 0.8766 0.4109 0.8859 0.3969 0.8891 0.3734 0.8891 0.2266 0.8875 0.2188 0.8797 0.2078 0.8703 0.2000 0.8594 0.1984 0.8531 0.1938 0.8344 0.1938