2 0.1109 0.4859 0.1094 0.4922 0.1031 0.4984 0.0938 0.5016 0.0813 0.5281 0.0703 0.5328 0.0703 0.5422 0.0734 0.5500 0.0672 0.5719 0.0672 0.6203 0.0719 0.6234 0.0766 0.6203 0.1094 0.6188 0.1125 0.5906 0.1109 0.5641 0.1141 0.5219 0.1109 0.4906
2 0.3172 0.3406 0.3094 0.3438 0.3047 0.3422 0.2922 0.3453 0.2875 0.3531 0.2828 0.3719 0.2734 0.3797 0.2766 0.3891 0.2734 0.4281 0.2750 0.4484 0.2781 0.4547 0.3016 0.4500 0.3391 0.4547 0.3484 0.4469 0.3500 0.3812 0.3469 0.3766 0.3438 0.3563 0.3375 0.3453 0.3219 0.3406
2 0.4422 0.2672 0.4359 0.2703 0.4281 0.2703 0.4250 0.2734 0.4188 0.2875 0.4172 0.3000 0.4125 0.3063 0.4125 0.3688 0.4156 0.3719 0.4203 0.3719 0.4313 0.3656 0.4422 0.3688 0.4469 0.3641 0.4500 0.3688 0.4656 0.3734 0.4703 0.3734 0.4734 0.3703 0.4750 0.3094 0.4672 0.2859 0.4672 0.2797 0.4656 0.2750 0.4609 0.2719 0.4437 0.2687
2 0.3375 0.2500 0.3266 0.2562 0.3234 0.2734 0.3172 0.2797 0.3172 0.3000 0.3141 0.3172 0.3156 0.3344 0.3219 0.3359 0.3266 0.3312 0.3484 0.3297 0.3609 0.3312 0.3656 0.3375 0.3703 0.3344 0.3703 0.2812 0.3656 0.2734 0.3641 0.2594 0.3578 0.2531 0.3438 0.2500
2 0.4781 0.2391 0.4562 0.2406 0.4516 0.2437 0.4484 0.2562 0.4406 0.2656 0.4422 0.2687 0.4484 0.2672 0.4656 0.2734 0.4734 0.2969 0.4750 0.3156 0.4781 0.3203 0.4938 0.3219 0.4969 0.2703 0.4891 0.2578 0.4859 0.2469 0.4797 0.2406
2 0.4328 0.8906 0.4156 0.8984 0.4078 0.9094 0.4047 0.9281 0.4000 0.9344 0.4031 0.9437 0.3984 0.9547 0.4000 0.9578 0.3969 0.9703 0.3906 0.9812 0.3891 0.9984 0.5359 0.9984 0.5312 0.9672 0.5422 0.9625 0.5437 0.9547 0.5375 0.9453 0.5266 0.9406 0.5203 0.9187 0.5125 0.9031 0.5094 0.9000 0.4891 0.8984 0.4828 0.8938 0.4547 0.8938 0.4359 0.8906
2 0.8422 0.6609 0.8313 0.6656 0.8219 0.6953 0.8109 0.6984 0.8078 0.7031 0.8078 0.7078 0.8141 0.7141 0.8125 0.8078 0.8156 0.8172 0.8234 0.8172 0.8281 0.8000 0.8422 0.7922 0.8672 0.7922 0.8844 0.7969 0.8922 0.8016 0.8969 0.8000 0.9031 0.7922 0.9047 0.7766 0.9172 0.7484 0.9172 0.7203 0.9266 0.7156 0.9266 0.7047 0.9141 0.7016 0.9078 0.6750 0.9000 0.6641 0.8766 0.6609
2 0.9391 0.7391 0.9328 0.7438 0.9391 0.7453 0.9391 0.7484 0.9281 0.7516 0.9219 0.7438 0.9219 0.7469 0.9156 0.7516 0.9141 0.7641 0.9078 0.7734 0.9078 0.7812 0.9000 0.8047 0.8984 0.9047 0.9000 0.9125 0.9031 0.9156 0.9172 0.9125 0.9266 0.9000 0.9469 0.8953 0.9547 0.8891 0.9688 0.8906 0.9781 0.8969 0.9859 0.8984 0.9891 0.9031 0.9891 0.9094 0.9984 0.9156 0.9984 0.7594 0.9938 0.7562 0.9938 0.7516 0.9859 0.7453 0.9703 0.7422 0.9656 0.7469 0.9672 0.7547 0.9609 0.7562 0.9594 0.7469 0.9625 0.7406 0.9516 0.7391
2 0.7078 0.4422 0.7000 0.4453 0.6922 0.4578 0.6906 0.4656 0.6813 0.4719 0.6813 0.4781 0.6844 0.4813 0.6813 0.5016 0.6828 0.5547 0.6875 0.5578 0.6922 0.5547 0.7000 0.5422 0.7094 0.5422 0.7219 0.5469 0.7422 0.5469 0.7484 0.5516 0.7500 0.5594 0.7547 0.5609 0.7578 0.5594 0.7609 0.5484 0.7609 0.4859 0.7656 0.4797 0.7656 0.4750 0.7562 0.4672 0.7500 0.4500 0.7422 0.4437 0.7359 0.4422
2 0.8656 0.4453 0.8578 0.4469 0.8500 0.4531 0.8453 0.4641 0.8453 0.4719 0.8375 0.4797 0.8406 0.5000 0.8375 0.5188 0.8406 0.5625 0.8469 0.5625 0.8500 0.5578 0.8672 0.5531 0.8922 0.5531 0.9000 0.5563 0.9031 0.5594 0.9047 0.5672 0.9078 0.5687 0.9109 0.5672 0.9125 0.5578 0.9109 0.5219 0.9141 0.4969 0.9125 0.4938 0.9156 0.4891 0.9156 0.4813 0.9078 0.4750 0.9078 0.4656 0.9031 0.4531 0.8984 0.4484 0.8891 0.4453
2 0.8547 0.3406 0.8422 0.3453 0.8344 0.3609 0.8281 0.3937 0.8266 0.4297 0.8297 0.4359 0.8344 0.4359 0.8391 0.4297 0.8562 0.4297 0.8609 0.4344 0.8766 0.4328 0.8781 0.4344 0.8719 0.4391 0.8844 0.4406 0.8891 0.4359 0.8891 0.3875 0.8859 0.3812 0.8875 0.3688 0.8812 0.3609 0.8812 0.3516 0.8719 0.3438 0.8625 0.3406
2 0.9547 0.3219 0.9469 0.3297 0.9453 0.3453 0.9422 0.3500 0.9422 0.3625 0.9391 0.3719 0.9391 0.4156 0.9437 0.4188 0.9563 0.4094 0.9750 0.4094 0.9859 0.4125 0.9938 0.4203 0.9984 0.4203 0.9984 0.3531 0.9953 0.3500 0.9922 0.3297 0.9875 0.3250 0.9734 0.3219
2 0.8891 0.2344 0.8812 0.2359 0.8766 0.2422 0.8750 0.2562 0.8719 0.2609 0.8719 0.2984 0.8812 0.3000 0.8875 0.2953 0.9078 0.2969 0.9125 0.3047 0.9187 0.3031 0.9219 0.2859 0.9172 0.2469 0.9109 0.2375 0.8938 0.2344
2 0.8250 0.2812 0.8141 0.2859 0.8047 0.3141 0.8031 0.3641 0.8063 0.3688 0.8172 0.3625 0.8328 0.3609 0.8375 0.3563 0.8406 0.3453 0.8469 0.3391 0.8562 0.3375 0.8578 0.3141 0.8500 0.2891 0.8406 0.2828 0.8266 0.2812
2 0.7078 0.2828 0.6969 0.2859 0.6875 0.3125 0.6875 0.3531 0.6953 0.3547 0.7016 0.3516 0.7109 0.3516 0.7188 0.3563 0.7250 0.3563 0.7312 0.3609 0.7422 0.3609 0.7438 0.3578 0.7438 0.3031 0.7281 0.2828 0.7094 0.2828
2 0.6969 0.2391 0.6859 0.2422 0.6750 0.2594 0.6766 0.2672 0.6734 0.3047 0.6766 0.3109 0.6844 0.3094 0.6891 0.3047 0.7000 0.2828 0.7234 0.2797 0.7234 0.2625 0.7172 0.2531 0.7156 0.2453 0.7094 0.2406 0.7000 0.2391
2 0.7937 0.2359 0.7859 0.2375 0.7828 0.2406 0.7781 0.2625 0.7750 0.2672 0.7766 0.3156 0.7906 0.3094 0.7953 0.3094 0.7984 0.3156 0.8031 0.3141 0.8063 0.3109 0.8125 0.2859 0.8234 0.2797 0.8250 0.2734 0.8219 0.2484 0.8156 0.2391 0.8031 0.2359
2 0.8250 0.1984 0.8250 0.2047 0.8219 0.2141 0.8156 0.2203 0.8141 0.2313 0.8250 0.2406 0.8297 0.2609 0.8453 0.2578 0.8516 0.2625 0.8594 0.2625 0.8609 0.2188 0.8641 0.2156 0.8594 0.2125 0.8562 0.2062 0.8484 0.2016 0.8266 0.2000
2 0.6922 0.1531 0.6859 0.1547 0.6813 0.1594 0.6734 0.1812 0.6719 0.2172 0.6766 0.2188 0.6844 0.2109 0.7000 0.2109 0.7094 0.2188 0.7156 0.2172 0.7156 0.1734 0.7094 0.1594 0.6969 0.1531
2 0.6297 0.1672 0.6250 0.1703 0.6156 0.1859 0.6172 0.1891 0.6141 0.1953 0.6141 0.2266 0.6219 0.2266 0.6297 0.2203 0.6359 0.2203 0.6422 0.2234 0.6453 0.2219 0.6500 0.2281 0.6547 0.2297 0.6578 0.2297 0.6594 0.2234 0.6594 0.1938 0.6516 0.1719 0.6438 0.1672
2 0.4500 0.1844 0.4437 0.1891 0.4391 0.2031 0.4375 0.2437 0.4422 0.2469 0.4469 0.2469 0.4578 0.2391 0.4813 0.2391 0.4828 0.2359 0.4844 0.2313 0.4813 0.2016 0.4766 0.1891 0.4688 0.1844
2 0.3500 0.1812 0.3453 0.1844 0.3453 0.1906 0.3406 0.2000 0.3391 0.2437 0.3422 0.2453 0.3500 0.2406 0.3656 0.2406 0.3719 0.2469 0.3750 0.2469 0.3766 0.2391 0.3766 0.2047 0.3750 0.2016 0.3672 0.2047 0.3609 0.2000 0.3516 0.2016 0.3484 0.1984 0.3563 0.1906 0.3609 0.1953 0.3688 0.1953 0.3719 0.1984 0.3719 0.1844 0.3688 0.1812
2 0.3328 0.1344 0.3297 0.1375 0.3359 0.1453 0.3328 0.1484 0.3297 0.1469 0.3234 0.1578 0.3250 0.1844 0.3312 0.1812 0.3453 0.1812 0.3609 0.1750 0.3578 0.1500 0.3453 0.1484 0.3406 0.1453 0.3422 0.1406 0.3391 0.1375 0.3438 0.1344
2 0.3766 0.0969 0.3719 0.0984 0.3656 0.1172 0.3641 0.1500 0.3672 0.1531 0.3734 0.1484 0.3906 0.1500 0.3937 0.1531 0.3984 0.1531 0.3984 0.1109 0.3922 0.1000 0.3828 0.0969
2 0.4859 0.0906 0.4797 0.0938 0.4781 0.1094 0.4734 0.1109 0.4766 0.1109 0.4781 0.1156 0.4734 0.1172 0.4734 0.1219 0.4766 0.1219 0.4797 0.1266 0.4859 0.1297 0.4938 0.1313 0.5031 0.1297 0.5047 0.1109 0.4969 0.0938 0.4891 0.0906
2 0.5703 0.1406 0.5672 0.1531 0.5609 0.1625 0.5609 0.1844 0.5641 0.1891 0.5750 0.1875 0.5781 0.1828 0.5781 0.1406
2 0.5437 0.0938 0.5375 0.1031 0.5359 0.1250 0.5359 0.1578 0.5391 0.1609 0.5516 0.1594 0.5547 0.1562 0.5609 0.1578 0.5656 0.1531 0.5656 0.1375 0.5687 0.1344 0.5687 0.1266 0.5656 0.1234 0.5609 0.1078 0.5500 0.1016 0.5484 0.0969 0.5516 0.0953 0.5469 0.0938
2 0.3125 0.1094 0.3078 0.1109 0.3063 0.1156 0.3063 0.1297 0.3016 0.1562 0.3047 0.1609 0.3219 0.1562 0.3266 0.1359 0.3391 0.1266 0.3344 0.1125 0.3297 0.1094
2 0.3531 0.0906 0.3516 0.0938 0.3453 0.0953 0.3375 0.0938 0.3344 0.0984 0.3344 0.1109 0.3406 0.1234 0.3438 0.1203 0.3484 0.1203 0.3516 0.1250 0.3578 0.1250 0.3594 0.1062 0.3578 0.1000 0.3516 0.0953 0.3531 0.0922
1 0.1469 0.2031 0.1406 0.2125 0.1422 0.2234 0.1406 0.2328 0.1375 0.2359 0.1391 0.2422 0.1328 0.2484 0.1297 0.4109 0.1359 0.4125 0.1484 0.4047 0.1703 0.4062 0.1750 0.4109 0.1812 0.4109 0.1906 0.4188 0.1969 0.4156 0.2000 0.4094 0.2094 0.4078 0.2125 0.4031 0.2172 0.3125 0.2109 0.2906 0.2141 0.2391 0.2109 0.2359 0.2062 0.2359 0.1938 0.2406 0.1875 0.2359 0.1844 0.2266 0.1781 0.2219 0.1828 0.2156 0.1812 0.2109 0.1734 0.2094 0.1703 0.2109 0.1719 0.2156 0.1656 0.2188 0.1625 0.2156 0.1672 0.2125 0.1656 0.2062 0.1578 0.2078 0.1516 0.2031
1 0.2437 0.0469 0.2391 0.0578 0.2422 0.0625 0.2422 0.0766 0.2359 0.1062 0.2375 0.1187 0.2344 0.1219 0.2375 0.1250 0.2344 0.1359 0.2375 0.1422 0.2328 0.1531 0.2359 0.1562 0.2344 0.1609 0.2375 0.2156 0.2453 0.2172 0.2562 0.2141 0.2594 0.2109 0.2672 0.2156 0.2766 0.2156 0.2859 0.2219 0.2938 0.2219 0.2969 0.2156 0.2984 0.1938 0.2984 0.1016 0.2953 0.0859 0.2938 0.0828 0.2781 0.0766 0.2516 0.0766 0.2484 0.0656 0.2562 0.0563 0.2469 0.0469
1 0.7578 0.1156 0.7516 0.1172 0.7469 0.1219 0.7453 0.1281 0.7438 0.1625 0.7391 0.1688 0.7391 0.2078 0.7516 0.2156 0.7578 0.2125 0.7797 0.2125 0.7828 0.2094 0.7891 0.2125 0.7906 0.2188 0.7953 0.2172 0.7969 0.2047 0.8016 0.2000 0.8031 0.1938 0.8031 0.1219 0.7953 0.1172 0.7797 0.1156
1 0.4219 0.0000 0.4250 0.0172 0.4250 0.0266 0.4219 0.0344 0.4266 0.0437 0.4234 0.0453 0.4234 0.0531 0.4313 0.0594 0.4344 0.0672 0.4391 0.0672 0.4422 0.0641 0.4453 0.0719 0.4516 0.0734 0.4562 0.0703 0.4578 0.0656 0.4625 0.0375 0.4609 0.0000
1 0.0797 0.2969 0.0750 0.3031 0.0484 0.3031 0.0453 0.3063 0.0391 0.3063 0.0344 0.3125 0.0297 0.3141 0.0250 0.3234 0.0250 0.3328 0.0156 0.3688 0.0125 0.4078 0.0078 0.4219 0.0078 0.5141 0.0125 0.5172 0.0172 0.5125 0.0203 0.5000 0.0250 0.5031 0.0328 0.5000 0.0391 0.5047 0.0469 0.5016 0.0531 0.5047 0.0594 0.5016 0.0750 0.5078 0.0797 0.5125 0.0797 0.5172 0.0875 0.5109 0.1031 0.4891 0.1094 0.4891 0.1094 0.4813 0.1125 0.4750 0.1109 0.4656 0.1141 0.4594 0.1125 0.4500 0.1156 0.4422 0.1094 0.3109 0.0969 0.3016 0.0859 0.3047 0.0813 0.2984
1 0.3031 0.0000 0.3047 0.0047 0.3016 0.0078 0.2984 0.0031 0.2984 0.0125 0.3047 0.0187 0.3047 0.0219 0.3000 0.0234 0.3000 0.0266 0.3016 0.0312 0.3078 0.0328 0.3078 0.0437 0.3203 0.0547 0.3219 0.0594 0.3266 0.0547 0.3422 0.0547 0.3484 0.0453 0.3500 0.0000
1 0.6719 0.0984 0.6516 0.1000 0.6453 0.1047 0.6438 0.1094 0.6406 0.1625 0.6484 0.1656 0.6547 0.1719 0.6578 0.1891 0.6641 0.1953 0.6719 0.1938 0.6719 0.1812 0.6813 0.1594 0.6859 0.1547 0.6953 0.1531 0.6984 0.1500 0.6984 0.1062 0.6891 0.0984