2 0.1281 0.5422 0.0984 0.5469 0.0922 0.5609 0.0891 0.5813 0.0828 0.5828 0.0797 0.5906 0.0859 0.5969 0.0859 0.6813 0.0891 0.6859 0.0938 0.6859 0.0984 0.6813 0.1016 0.6719 0.1234 0.6672 0.1391 0.6672 0.1437 0.6703 0.1562 0.6719 0.1625 0.6828 0.1703 0.6828 0.1734 0.6266 0.1688 0.5953 0.1750 0.5906 0.1750 0.5844 0.1656 0.5766 0.1656 0.5672 0.1578 0.5469 0.1531 0.5437 0.1328 0.5422
2 0.3219 0.5781 0.3000 0.5813 0.2891 0.5953 0.2859 0.6094 0.2828 0.6125 0.2750 0.6141 0.2734 0.6188 0.2781 0.6281 0.2781 0.7078 0.2828 0.7125 0.2844 0.7234 0.2875 0.7266 0.2984 0.7234 0.3000 0.7156 0.3063 0.7094 0.3187 0.7094 0.3250 0.7063 0.3297 0.7078 0.3406 0.7047 0.3453 0.7078 0.3547 0.7047 0.3641 0.7125 0.3688 0.7203 0.3781 0.7203 0.3812 0.6578 0.3766 0.6531 0.3719 0.6109 0.3578 0.5828 0.3531 0.5797 0.3406 0.5781
2 0.2016 0.8906 0.1656 0.8938 0.1578 0.9062 0.1500 0.9375 0.1453 0.9422 0.1375 0.9406 0.1297 0.9469 0.1297 0.9578 0.1375 0.9672 0.1344 0.9812 0.1359 0.9984 0.2828 0.9984 0.2781 0.9781 0.2797 0.9734 0.2766 0.9672 0.2766 0.9547 0.2828 0.9531 0.2844 0.9484 0.2828 0.9391 0.2687 0.9359 0.2562 0.8969 0.2500 0.8922 0.2391 0.8906
2 0.1141 0.4094 0.1016 0.4109 0.0953 0.4172 0.0891 0.4391 0.0891 0.4500 0.0844 0.4625 0.0844 0.4969 0.0875 0.5203 0.0953 0.5188 0.1016 0.5125 0.1187 0.5094 0.1422 0.5094 0.1484 0.5172 0.1531 0.5125 0.1531 0.4625 0.1500 0.4422 0.1375 0.4094
2 0.1344 0.3375 0.1266 0.3422 0.1219 0.3516 0.1203 0.3641 0.1172 0.3672 0.1156 0.4047 0.1359 0.4078 0.1422 0.4141 0.1422 0.4188 0.1500 0.4313 0.1578 0.4281 0.1719 0.4313 0.1750 0.4266 0.1734 0.3766 0.1641 0.3422 0.1547 0.3375
2 0.2734 0.3469 0.2594 0.3484 0.2516 0.3547 0.2500 0.3672 0.2437 0.3797 0.2422 0.4234 0.2437 0.4359 0.2469 0.4375 0.2734 0.4328 0.2781 0.4344 0.2812 0.4313 0.2891 0.4297 0.2938 0.4297 0.2953 0.4344 0.3063 0.4344 0.3063 0.3781 0.2984 0.3656 0.2953 0.3516 0.2922 0.3484 0.2828 0.3469
2 0.2750 0.2938 0.2703 0.2969 0.2625 0.2969 0.2562 0.3031 0.2500 0.3187 0.2500 0.3516 0.2516 0.3531 0.2594 0.3469 0.2891 0.3453 0.2984 0.3516 0.3016 0.3625 0.3016 0.3203 0.3047 0.3172 0.2953 0.3063 0.2906 0.2953 0.2766 0.2938
2 0.1672 0.2766 0.1547 0.2781 0.1469 0.2828 0.1422 0.3031 0.1391 0.3063 0.1375 0.3344 0.1500 0.3344 0.1609 0.3375 0.1656 0.3422 0.1703 0.3563 0.1844 0.3625 0.1875 0.3672 0.1922 0.3672 0.1969 0.3625 0.1953 0.3109 0.1984 0.3063 0.1906 0.2984 0.1891 0.2844 0.1828 0.2781 0.1766 0.2766
2 0.0516 0.2734 0.0422 0.2766 0.0359 0.2828 0.0344 0.3000 0.0312 0.3078 0.0312 0.3406 0.0328 0.3484 0.0359 0.3516 0.0484 0.3422 0.0563 0.3422 0.0625 0.3391 0.0672 0.3391 0.0719 0.3453 0.0766 0.3469 0.0797 0.3469 0.0844 0.3422 0.0844 0.3016 0.0750 0.2766 0.0656 0.2734
2 0.1281 0.2391 0.1344 0.2469 0.1344 0.2516 0.1313 0.2547 0.1172 0.2547 0.1062 0.2578 0.1000 0.2562 0.0953 0.2609 0.0938 0.2812 0.0969 0.3016 0.1156 0.2969 0.1375 0.3000 0.1406 0.2969 0.1453 0.2812 0.1453 0.2656 0.1422 0.2562 0.1344 0.2500 0.1328 0.2391
2 0.2609 0.1812 0.2484 0.1859 0.2422 0.1922 0.2375 0.2031 0.2359 0.2516 0.2391 0.2562 0.2500 0.2531 0.2609 0.2453 0.2687 0.2453 0.2781 0.2531 0.2828 0.2531 0.2844 0.2500 0.2828 0.2125 0.2766 0.2031 0.2750 0.1906 0.2625 0.1812
2 0.6219 0.2734 0.6062 0.2750 0.6016 0.2781 0.5984 0.2906 0.6000 0.3531 0.6016 0.3672 0.6062 0.3719 0.6078 0.3672 0.6125 0.3641 0.6375 0.3656 0.6422 0.3703 0.6484 0.3703 0.6516 0.3656 0.6516 0.3375 0.6484 0.3219 0.6516 0.3094 0.6438 0.3016 0.6375 0.2766 0.6312 0.2734 0.6234 0.2734
2 0.3172 0.2047 0.3094 0.2062 0.3063 0.2094 0.2984 0.2328 0.2969 0.2641 0.2984 0.2719 0.3016 0.2734 0.3125 0.2641 0.3328 0.2641 0.3391 0.2703 0.3453 0.2703 0.3453 0.2313 0.3375 0.2109 0.3250 0.2047
2 0.5266 0.1969 0.5234 0.2000 0.5203 0.2109 0.5250 0.2203 0.5219 0.2328 0.5188 0.2359 0.5188 0.2437 0.5141 0.2484 0.5172 0.2844 0.5156 0.2938 0.5188 0.3047 0.5312 0.2984 0.5594 0.2984 0.5641 0.3016 0.5687 0.2984 0.5687 0.2484 0.5656 0.2437 0.5625 0.2266 0.5594 0.2203 0.5547 0.2172 0.5297 0.2172 0.5266 0.2062 0.5312 0.2016 0.5312 0.1969
2 0.6328 0.2109 0.6281 0.2141 0.6266 0.2313 0.6219 0.2437 0.6234 0.2703 0.6344 0.2750 0.6453 0.2844 0.6625 0.2828 0.6656 0.2859 0.6687 0.2859 0.6719 0.2781 0.6719 0.2391 0.6656 0.2313 0.6609 0.2109 0.6562 0.2109
2 0.5625 0.1484 0.5516 0.1500 0.5484 0.1531 0.5422 0.1688 0.5406 0.1797 0.5422 0.1891 0.5516 0.1953 0.5563 0.2047 0.5594 0.2062 0.5641 0.2031 0.5813 0.2031 0.5844 0.2000 0.5844 0.1703 0.5813 0.1578 0.5766 0.1500 0.5656 0.1484
2 0.6375 0.1500 0.6328 0.1531 0.6266 0.1812 0.6266 0.2016 0.6297 0.2125 0.6453 0.2078 0.6609 0.2094 0.6625 0.1688 0.6578 0.1562 0.6500 0.1500
2 0.6781 0.1047 0.6687 0.1109 0.6641 0.1266 0.6625 0.1531 0.6656 0.1578 0.6703 0.1578 0.6734 0.1547 0.6766 0.1562 0.6813 0.1531 0.6906 0.1562 0.7000 0.1547 0.7000 0.1187 0.6922 0.1078 0.6813 0.1047
2 0.8187 0.0625 0.8125 0.0656 0.8047 0.0828 0.8063 0.1078 0.8219 0.1031 0.8375 0.1062 0.8391 0.1031 0.8391 0.0844 0.8359 0.0719 0.8328 0.0656 0.8234 0.0625
2 0.8609 0.0375 0.8516 0.0422 0.8422 0.0547 0.8438 0.0828 0.8500 0.0828 0.8531 0.0797 0.8641 0.0813 0.8641 0.0406
2 0.6922 0.3828 0.6844 0.3859 0.6813 0.4047 0.6766 0.4141 0.6734 0.4156 0.6703 0.4281 0.6687 0.4547 0.6734 0.4859 0.6828 0.4922 0.6953 0.4859 0.7281 0.4828 0.7422 0.4828 0.7516 0.4875 0.7562 0.4859 0.7562 0.4422 0.7531 0.4328 0.7547 0.4156 0.7469 0.4172 0.7438 0.4141 0.7375 0.3922 0.7344 0.3891 0.7266 0.3875 0.7234 0.3844 0.7203 0.3875 0.7172 0.3844 0.6937 0.3844
2 0.3734 0.1719 0.3641 0.1750 0.3563 0.1891 0.3563 0.2297 0.3625 0.2297 0.3688 0.2234 0.3844 0.2234 0.3906 0.2281 0.3984 0.2266 0.3984 0.2000 0.3875 0.1719
2 0.4000 0.1375 0.3937 0.1437 0.3891 0.1656 0.3953 0.1891 0.4000 0.1969 0.4047 0.1969 0.4078 0.1859 0.4078 0.1531 0.4109 0.1500 0.4125 0.1422 0.4062 0.1375
2 0.5516 0.0688 0.5469 0.0719 0.5422 0.0922 0.5453 0.1109 0.5687 0.1109 0.5734 0.1078 0.5750 0.1000 0.5719 0.0797 0.5672 0.0688
2 0.6500 0.0750 0.6453 0.0797 0.6422 0.0953 0.6438 0.1266 0.6609 0.1234 0.6719 0.1047 0.6703 0.0828 0.6687 0.0766 0.6656 0.0750
1 0.1641 0.1406 0.1500 0.1453 0.1500 0.2219 0.1516 0.2313 0.1562 0.2359 0.1578 0.2484 0.1609 0.2500 0.1641 0.2484 0.1641 0.2437 0.1672 0.2406 0.2000 0.2406 0.2078 0.2437 0.2172 0.2359 0.2188 0.2125 0.2156 0.2078 0.2156 0.1969 0.2125 0.1891 0.2141 0.1781 0.2109 0.1469 0.2094 0.1437 0.1984 0.1406
1 0.7703 0.1484 0.7672 0.1500 0.7672 0.1547 0.7719 0.1562 0.7734 0.1609 0.7719 0.1656 0.7656 0.1703 0.7703 0.1719 0.7719 0.1766 0.7641 0.1812 0.7641 0.1922 0.7562 0.1969 0.7562 0.2000 0.7500 0.2047 0.7500 0.2094 0.7438 0.2156 0.7453 0.2203 0.7422 0.2250 0.7406 0.2359 0.7422 0.2500 0.7391 0.2547 0.7406 0.2703 0.7375 0.2812 0.7406 0.3250 0.7391 0.3312 0.7516 0.3563 0.7688 0.3422 0.7734 0.3344 0.7781 0.3344 0.7812 0.3375 0.7859 0.3688 0.7859 0.4109 0.7906 0.4172 0.7937 0.4156 0.7969 0.4188 0.7984 0.4266 0.8016 0.4281 0.8063 0.4266 0.8094 0.4234 0.8094 0.4188 0.8156 0.4141 0.8469 0.4125 0.8516 0.4172 0.8688 0.4219 0.8703 0.3609 0.8656 0.3297 0.8656 0.2984 0.8625 0.2953 0.8609 0.2734 0.8578 0.2687 0.8562 0.2578 0.8453 0.2469 0.8344 0.2453 0.8328 0.2250 0.8297 0.2266 0.8250 0.2234 0.8219 0.2172 0.8219 0.2047 0.8187 0.1969 0.8094 0.1891 0.8094 0.1797 0.7937 0.1641 0.7859 0.1594 0.7859 0.1531 0.7734 0.1484
1 0.7297 0.0609 0.7141 0.0672 0.7109 0.0844 0.7109 0.1422 0.7141 0.1531 0.7125 0.1656 0.7156 0.1938 0.7250 0.1906 0.7297 0.1844 0.7328 0.1844 0.7344 0.1797 0.7547 0.1781 0.7516 0.1703 0.7531 0.1516 0.7594 0.1469 0.7672 0.1469 0.7719 0.1422 0.7719 0.0906 0.7609 0.0688 0.7609 0.0641 0.7484 0.0609 0.7328 0.0609