2 0.1781 0.5625 0.1703 0.5656 0.1625 0.5781 0.1484 0.6234 0.1375 0.6266 0.1453 0.6391 0.1406 0.6719 0.1406 0.7297 0.1437 0.7359 0.1516 0.7359 0.1656 0.7266 0.1828 0.7266 0.1891 0.7297 0.2141 0.7297 0.2219 0.7359 0.2328 0.7375 0.2375 0.7359 0.2375 0.7281 0.2422 0.7234 0.2516 0.7234 0.2562 0.7156 0.2578 0.6609 0.2547 0.6172 0.2516 0.6125 0.2500 0.5906 0.2453 0.5750 0.2375 0.5641 0.1875 0.5656 0.1828 0.5625
2 0.3609 0.4188 0.3453 0.4250 0.3359 0.4250 0.3266 0.4297 0.3141 0.4547 0.3047 0.4594 0.3047 0.4656 0.3094 0.4750 0.3016 0.4922 0.3016 0.5437 0.3094 0.5453 0.3156 0.5391 0.3297 0.5344 0.3453 0.5359 0.3500 0.5406 0.3625 0.5391 0.3750 0.5484 0.3797 0.5453 0.3797 0.5406 0.3875 0.5359 0.3891 0.4859 0.3859 0.4578 0.3734 0.4188
2 0.0594 0.4969 0.0516 0.5000 0.0406 0.5219 0.0281 0.5312 0.0312 0.5500 0.0250 0.5687 0.0234 0.5938 0.0312 0.6156 0.0312 0.6234 0.0359 0.6312 0.0469 0.6234 0.0516 0.6250 0.0578 0.6188 0.0734 0.6188 0.0828 0.6250 0.0953 0.6250 0.1000 0.6297 0.1047 0.6297 0.1062 0.6250 0.1094 0.5797 0.1094 0.5016 0.1016 0.4969 0.0609 0.4984
2 0.0734 0.3750 0.0609 0.3766 0.0516 0.3828 0.0469 0.4031 0.0375 0.4125 0.0344 0.4469 0.0344 0.4797 0.0375 0.4859 0.0453 0.4859 0.0547 0.4813 0.0734 0.4813 0.0797 0.4844 0.1047 0.4859 0.1094 0.4797 0.1125 0.4391 0.1125 0.3906 0.1031 0.3781 0.0922 0.3750
2 0.2797 0.3297 0.2656 0.3328 0.2578 0.3563 0.2500 0.3641 0.2500 0.4250 0.2547 0.4281 0.2672 0.4219 0.2703 0.4234 0.2844 0.4203 0.2938 0.4234 0.2984 0.4219 0.3047 0.4281 0.3109 0.4297 0.3172 0.4234 0.3219 0.4109 0.3219 0.3891 0.3187 0.3812 0.3203 0.3672 0.3141 0.3594 0.3141 0.3500 0.3078 0.3328 0.2953 0.3297
2 0.1734 0.2859 0.1641 0.2984 0.1641 0.3047 0.1578 0.3141 0.1562 0.3688 0.1594 0.3719 0.1703 0.3719 0.1859 0.3656 0.1922 0.3703 0.2031 0.3734 0.2125 0.3734 0.2172 0.3656 0.2203 0.3438 0.2203 0.3141 0.2141 0.3094 0.2078 0.2906 0.2016 0.2859
2 0.2266 0.2344 0.2203 0.2406 0.2203 0.2484 0.2172 0.2547 0.2109 0.2594 0.2109 0.2828 0.2156 0.3063 0.2219 0.3109 0.2422 0.3078 0.2516 0.3141 0.2609 0.3156 0.2641 0.3141 0.2672 0.3047 0.2672 0.2625 0.2625 0.2531 0.2609 0.2406 0.2516 0.2344
2 0.3156 0.2641 0.3094 0.2687 0.3078 0.2766 0.2984 0.2906 0.3016 0.2984 0.2984 0.3109 0.3000 0.3281 0.3063 0.3297 0.3109 0.3344 0.3156 0.3453 0.3250 0.3406 0.3375 0.3453 0.3453 0.3453 0.3531 0.3500 0.3578 0.3438 0.3594 0.2906 0.3547 0.2828 0.3516 0.2687 0.3453 0.2641
2 0.4203 0.3016 0.4125 0.3141 0.4141 0.3187 0.4109 0.3219 0.4109 0.3312 0.4062 0.3484 0.4078 0.3969 0.4109 0.3906 0.4297 0.3937 0.4391 0.3922 0.4562 0.3969 0.4625 0.4016 0.4656 0.4000 0.4688 0.3891 0.4672 0.3594 0.4703 0.3359 0.4656 0.3297 0.4656 0.3203 0.4609 0.3109 0.4500 0.3047 0.4469 0.3063 0.4422 0.3031 0.4391 0.3063 0.4344 0.3016
2 0.4453 0.2687 0.4406 0.2719 0.4375 0.2812 0.4328 0.2859 0.4281 0.2859 0.4266 0.2984 0.4516 0.3016 0.4609 0.3078 0.4703 0.3344 0.4703 0.3469 0.4750 0.3484 0.4813 0.3484 0.4859 0.3422 0.4859 0.2969 0.4797 0.2875 0.4781 0.2766 0.4688 0.2687
2 0.3438 0.2156 0.3375 0.2219 0.3312 0.2391 0.3312 0.2594 0.3453 0.2609 0.3516 0.2672 0.3563 0.2812 0.3641 0.2906 0.3734 0.2906 0.3781 0.2875 0.3797 0.2437 0.3766 0.2406 0.3703 0.2172 0.3594 0.2156
2 0.2531 0.1844 0.2422 0.1875 0.2375 0.2062 0.2297 0.2156 0.2313 0.2266 0.2359 0.2328 0.2484 0.2328 0.2594 0.2375 0.2687 0.2656 0.2781 0.2703 0.2828 0.2641 0.2828 0.2156 0.2766 0.1891 0.2656 0.1844
2 0.3578 0.1750 0.3484 0.1766 0.3438 0.1859 0.3391 0.1969 0.3391 0.2172 0.3406 0.2188 0.3453 0.2141 0.3688 0.2156 0.3750 0.2234 0.3766 0.2375 0.3828 0.2500 0.3859 0.2344 0.3844 0.2000 0.3812 0.1969 0.3797 0.1844 0.3766 0.1797 0.3641 0.1750
2 0.4688 0.2109 0.4531 0.2141 0.4500 0.2219 0.4500 0.2313 0.4609 0.2328 0.4672 0.2375 0.4750 0.2609 0.4750 0.2672 0.4813 0.2766 0.4891 0.2828 0.4922 0.2547 0.4891 0.2328 0.4828 0.2156 0.4703 0.2109
2 0.0000 0.5906 0.0000 0.7547 0.0094 0.7547 0.0172 0.7469 0.0187 0.6875 0.0219 0.6844 0.0281 0.6875 0.0297 0.7000 0.0297 0.7156 0.0234 0.7203 0.0234 0.7312 0.0250 0.7328 0.0281 0.7281 0.0328 0.7359 0.0359 0.7344 0.0375 0.7016 0.0406 0.6859 0.0375 0.6578 0.0344 0.6531 0.0344 0.6344 0.0250 0.6188 0.0219 0.6016 0.0156 0.5938 0.0078 0.5906
2 0.3250 0.1250 0.3156 0.1484 0.3141 0.1703 0.3172 0.1750 0.3250 0.1703 0.3406 0.1703 0.3453 0.1766 0.3500 0.1719 0.3484 0.1375 0.3453 0.1313 0.3422 0.1359 0.3281 0.1359 0.3250 0.1328 0.3281 0.1297 0.3266 0.1250
2 0.8297 0.2859 0.8219 0.2891 0.8187 0.3031 0.8156 0.3063 0.8125 0.3609 0.8187 0.3672 0.8266 0.3609 0.8547 0.3594 0.8672 0.3703 0.8719 0.3672 0.8719 0.3094 0.8641 0.2984 0.8625 0.2922 0.8500 0.2859
2 0.7109 0.2750 0.7047 0.2797 0.7047 0.2859 0.6953 0.3109 0.6953 0.3500 0.6969 0.3531 0.7047 0.3531 0.7094 0.3500 0.7281 0.3484 0.7391 0.3500 0.7500 0.3578 0.7531 0.3531 0.7531 0.3016 0.7453 0.2891 0.7438 0.2797 0.7312 0.2750
2 0.6703 0.2172 0.6641 0.2203 0.6625 0.2391 0.6594 0.2453 0.6594 0.2594 0.6719 0.2609 0.6750 0.2578 0.6844 0.2578 0.6875 0.2625 0.6937 0.2625 0.6984 0.2672 0.6922 0.2750 0.6953 0.2766 0.6922 0.2812 0.6891 0.2781 0.6859 0.2812 0.6719 0.2797 0.6656 0.2844 0.6594 0.2797 0.6609 0.2656 0.6578 0.2641 0.6547 0.2719 0.6578 0.2938 0.6687 0.2828 0.6719 0.2859 0.6859 0.2844 0.7000 0.2891 0.7031 0.2781 0.7000 0.2750 0.7031 0.2719 0.7047 0.2406 0.7000 0.2344 0.6984 0.2234 0.6937 0.2188 0.6844 0.2172
2 0.7719 0.2297 0.7672 0.2328 0.7594 0.2500 0.7578 0.2953 0.7625 0.2969 0.7750 0.2906 0.7922 0.2906 0.8016 0.2984 0.8063 0.2969 0.8078 0.2906 0.8078 0.2516 0.8000 0.2359 0.7937 0.2297
2 0.7969 0.1703 0.7906 0.1750 0.7875 0.1844 0.7859 0.2000 0.7828 0.2062 0.7828 0.2234 0.8016 0.2297 0.8094 0.2281 0.8250 0.2375 0.8281 0.2344 0.8281 0.1938 0.8234 0.1766 0.8156 0.1703
2 0.7234 0.1812 0.7156 0.1891 0.7141 0.2000 0.7109 0.2047 0.7078 0.2313 0.7094 0.2375 0.7172 0.2391 0.7266 0.2328 0.7328 0.2328 0.7500 0.2422 0.7531 0.2375 0.7516 0.2031 0.7469 0.1891 0.7344 0.1812
2 0.7391 0.1453 0.7297 0.1656 0.7297 0.1766 0.7438 0.1828 0.7484 0.1875 0.7516 0.1984 0.7547 0.2016 0.7703 0.2016 0.7719 0.1969 0.7719 0.1750 0.7688 0.1578 0.7656 0.1500 0.7594 0.1453
2 0.6969 0.1656 0.6906 0.1688 0.6906 0.1734 0.6828 0.1828 0.6828 0.2094 0.6859 0.2125 0.6984 0.2141 0.7031 0.2203 0.7078 0.2203 0.7141 0.1891 0.7203 0.1812 0.7203 0.1719 0.7094 0.1656
2 0.6453 0.1906 0.6359 0.2000 0.6359 0.2062 0.6328 0.2094 0.6312 0.2437 0.6328 0.2516 0.6375 0.2531 0.6484 0.2469 0.6547 0.2484 0.6578 0.2453 0.6625 0.2203 0.6687 0.2156 0.6734 0.2156 0.6750 0.2125 0.6719 0.1969 0.6625 0.1906
2 0.5984 0.1516 0.5922 0.1547 0.5906 0.2016 0.6078 0.2031 0.6141 0.2094 0.6172 0.2078 0.6188 0.2016 0.6188 0.1719 0.6125 0.1562 0.6047 0.1516
2 0.6391 0.1328 0.6297 0.1375 0.6234 0.1484 0.6234 0.1844 0.6312 0.1859 0.6391 0.1812 0.6469 0.1812 0.6562 0.1875 0.6609 0.1844 0.6609 0.1562 0.6578 0.1422 0.6547 0.1359 0.6500 0.1328
2 0.6641 0.1078 0.6578 0.1125 0.6547 0.1250 0.6547 0.1344 0.6594 0.1437 0.6609 0.1578 0.6641 0.1609 0.6750 0.1578 0.6813 0.1641 0.6875 0.1641 0.6891 0.1594 0.6891 0.1297 0.6844 0.1125 0.6766 0.1078
2 0.5703 0.0938 0.5656 0.0953 0.5609 0.1031 0.5609 0.1141 0.5578 0.1234 0.5594 0.1406 0.5750 0.1391 0.5766 0.0969 0.5734 0.0938
2 0.3875 0.0547 0.3797 0.0609 0.3766 0.0719 0.3781 0.0859 0.3984 0.0938 0.4031 0.0938 0.4047 0.0906 0.4062 0.0766 0.4047 0.0594 0.3984 0.0547
2 0.3047 0.1062 0.2953 0.1187 0.2953 0.1531 0.3141 0.1531 0.3187 0.1250 0.3266 0.1187 0.3250 0.1109 0.3172 0.1062
2 0.1875 0.0750 0.1828 0.0813 0.1812 0.0922 0.1781 0.0953 0.1781 0.1219 0.1953 0.1172 0.2109 0.1219 0.2094 0.0891 0.2062 0.0813 0.2000 0.0750
2 0.1641 0.0547 0.1609 0.0563 0.1609 0.0625 0.1562 0.0719 0.1578 0.0750 0.1547 0.0828 0.1547 0.0969 0.1750 0.0969 0.1812 0.0891 0.1812 0.0813 0.1859 0.0719 0.1812 0.0578 0.1766 0.0547
1 0.2297 0.0719 0.2313 0.0750 0.2250 0.0797 0.2203 0.0906 0.2203 0.1141 0.2172 0.1219 0.2203 0.1313 0.2203 0.1625 0.2266 0.1688 0.2313 0.1656 0.2391 0.1656 0.2469 0.1609 0.2625 0.1719 0.2656 0.1688 0.2672 0.1578 0.2672 0.0969 0.2609 0.0938 0.2578 0.0859 0.2484 0.0813 0.2500 0.0750 0.2344 0.0750 0.2328 0.0719
1 0.4328 0.0078 0.4203 0.0109 0.4141 0.0172 0.4141 0.0656 0.4156 0.0688 0.4266 0.0672 0.4328 0.0703 0.4469 0.0703 0.4562 0.0516 0.4562 0.0125 0.4391 0.0078
1 0.3219 0.0000 0.3203 0.0297 0.3234 0.0328 0.3219 0.0359 0.3250 0.0422 0.3281 0.0375 0.3375 0.0359 0.3500 0.0437 0.3578 0.0422 0.3609 0.0375 0.3625 0.0000