2 0.9308 0.4729 0.9169 0.3635 0.8507 0.3620 0.8538 0.4744
2 0.3073 0.7979 0.4228 0.7948 0.4012 0.6223 0.3027 0.6254
2 0.1980 0.8657 0.0810 0.8780 0.0749 0.6870 0.1965 0.6839
2 0.3027 0.3712 0.2458 0.3728 0.2427 0.2896 0.2950 0.2896
2 0.6445 0.3697 0.6491 0.2865 0.7107 0.2803 0.7153 0.3666
2 0.7045 0.2511 0.7076 0.1833 0.7491 0.1833 0.7553 0.2542
2 0.1934 0.2988 0.1934 0.2249 0.2458 0.2280 0.2565 0.3050
2 0.3951 0.2357 0.3474 0.2341 0.3474 0.1787 0.3828 0.1771
2 0.6198 0.2880 0.6183 0.2157 0.6660 0.2126 0.6752 0.2880
2 0.6368 0.1956 0.6368 0.1309 0.6706 0.1309 0.6783 0.1895
2 0.2534 0.6177 0.3304 0.6131 0.3289 0.5037 0.2534 0.5037
2 0.6522 0.1201 0.6552 0.0755 0.6906 0.0786 0.6906 0.1232
2 0.4582 0.1540 0.4582 0.1124 0.4936 0.1124 0.4951 0.1525
2 0.4043 0.1433 0.4059 0.1001 0.4336 0.0940 0.4366 0.1371
0 0.2488 0.0832 0.3258 0.0878 0.3243 0.2280 0.2488 0.1972
1 0.1565 0.0462 0.2427 0.0493 0.2350 0.2141 0.1657 0.2234
1 0.6983 0.1294 0.7014 0.0462 0.7461 0.0478 0.7430 0.1279
1 0.7692 0.1186 0.7692 0.0293 0.8169 0.0354 0.8184 0.1171