1 0.0437 0.7688 0.0391 0.7719 0.0391 0.7781 0.0344 0.7812 0.0141 0.7812 0.0094 0.7781 0.0000 0.7812 0.0000 0.9672 0.0047 0.9656 0.0078 0.9609 0.0266 0.9609 0.0312 0.9656 0.0297 0.9703 0.0359 0.9797 0.0437 0.9703 0.0516 0.9703 0.0563 0.9656 0.0609 0.9516 0.0797 0.9516 0.0828 0.9484 0.0906 0.8719 0.0891 0.8000 0.0828 0.7984 0.0750 0.8031 0.0719 0.8000 0.0672 0.8016 0.0641 0.7984 0.0656 0.7937 0.0594 0.7750 0.0500 0.7688
1 0.5938 0.8531 0.5875 0.8656 0.5813 0.8719 0.5844 0.9187 0.5766 0.9281 0.5766 0.9469 0.5813 0.9469 0.5813 0.9422 0.5844 0.9391 0.6375 0.9391 0.6422 0.9437 0.6422 0.9516 0.6469 0.9500 0.6422 0.9062 0.6422 0.8672 0.6375 0.8672 0.6281 0.8531
1 0.7156 0.5750 0.7109 0.5797 0.7094 0.5922 0.7094 0.6516 0.7125 0.6531 0.7219 0.6500 0.7391 0.6500 0.7438 0.6547 0.7531 0.6547 0.7562 0.6500 0.7578 0.6375 0.7594 0.6047 0.7547 0.5953 0.7516 0.5766 0.7438 0.5813 0.7422 0.5859 0.7344 0.5859 0.7281 0.5906 0.7219 0.5891 0.7203 0.5766 0.7172 0.5766
1 0.6453 0.5734 0.6375 0.5844 0.6359 0.6312 0.6391 0.6328 0.6453 0.6250 0.6578 0.6234 0.6625 0.6281 0.6641 0.6344 0.6687 0.6344 0.6703 0.6312 0.6703 0.5875 0.6656 0.5766 0.6469 0.5734
1 0.4172 0.4172 0.4109 0.4203 0.3984 0.4344 0.4000 0.4422 0.3937 0.4656 0.3937 0.5078 0.3953 0.5219 0.4000 0.5188 0.4047 0.5219 0.4078 0.5281 0.4250 0.5297 0.4313 0.5281 0.4391 0.5219 0.4437 0.5141 0.4453 0.4641 0.4328 0.4391 0.4391 0.4344 0.4359 0.4234 0.4328 0.4203 0.4203 0.4172
2 0.0375 0.7141 0.0266 0.7219 0.0203 0.7391 0.0187 0.7594 0.0203 0.7766 0.0234 0.7781 0.0375 0.7781 0.0437 0.7688 0.0531 0.7688 0.0625 0.7766 0.0672 0.7750 0.0688 0.7375 0.0609 0.7172 0.0516 0.7141
2 0.0750 0.6687 0.0672 0.6766 0.0656 0.6859 0.0609 0.6891 0.0594 0.7156 0.0672 0.7312 0.0922 0.7312 0.0969 0.7359 0.1016 0.7359 0.1062 0.7297 0.1062 0.6875 0.1016 0.6734 0.0938 0.6687
2 0.1266 0.6266 0.1172 0.6312 0.1156 0.6375 0.1078 0.6484 0.1109 0.6922 0.1156 0.6937 0.1250 0.6859 0.1344 0.6859 0.1422 0.6875 0.1484 0.6953 0.1531 0.6937 0.1562 0.6844 0.1547 0.6813 0.1578 0.6641 0.1578 0.6453 0.1500 0.6312 0.1406 0.6266
2 0.1953 0.6703 0.1781 0.6719 0.1734 0.6766 0.1672 0.6984 0.1672 0.7219 0.1688 0.7266 0.1750 0.7281 0.2031 0.7281 0.2094 0.7234 0.2109 0.6922 0.2047 0.6766 0.1969 0.6703
2 0.3609 0.6266 0.3547 0.6297 0.3469 0.6469 0.3484 0.6531 0.3438 0.6813 0.3453 0.6969 0.3469 0.7000 0.3531 0.7000 0.3609 0.6937 0.3766 0.6937 0.3844 0.7016 0.3891 0.7016 0.3922 0.6969 0.3953 0.6484 0.3875 0.6406 0.3875 0.6328 0.3844 0.6281 0.3672 0.6266
2 0.2938 0.5312 0.2859 0.5375 0.2812 0.5484 0.2812 0.5844 0.2844 0.5891 0.2969 0.5844 0.3172 0.5891 0.3203 0.5844 0.3219 0.5484 0.3172 0.5344 0.3125 0.5312
2 0.4625 0.4938 0.4578 0.4969 0.4547 0.5078 0.4500 0.5125 0.4516 0.5391 0.4656 0.5391 0.4766 0.5422 0.4813 0.5406 0.4828 0.5266 0.4813 0.5109 0.4766 0.4984 0.4719 0.4938