1 0.3672 0.8656 0.3625 0.8734 0.3563 0.8797 0.3531 0.8797 0.3500 0.8859 0.3500 0.9281 0.3453 0.9500 0.3453 0.9656 0.3484 0.9719 0.3547 0.9688 0.3547 0.9625 0.3578 0.9594 0.3797 0.9609 0.4078 0.9578 0.4125 0.9656 0.4188 0.9656 0.4188 0.9297 0.4156 0.9266 0.4125 0.9125 0.4141 0.8875 0.4000 0.8656
1 0.9203 0.7719 0.9141 0.8000 0.9078 0.8031 0.9031 0.7984 0.8922 0.7984 0.8922 0.8688 0.8953 0.9266 0.9000 0.9422 0.9156 0.9453 0.9219 0.9531 0.9219 0.9578 0.9266 0.9625 0.9344 0.9609 0.9406 0.9719 0.9437 0.9719 0.9453 0.9625 0.9500 0.9609 0.9531 0.9563 0.9984 0.9563 0.9984 0.8109 0.9953 0.8094 0.9984 0.8063 0.9922 0.8000 0.9922 0.7906 0.9859 0.7797 0.9781 0.7812 0.9672 0.7781 0.9531 0.7781 0.9406 0.7812 0.9328 0.7797 0.9250 0.7719
1 0.2437 0.5875 0.2375 0.6094 0.2375 0.6531 0.2406 0.6562 0.2406 0.6656 0.2437 0.6687 0.2500 0.6672 0.2562 0.6609 0.2672 0.6594 0.2797 0.6656 0.2859 0.6641 0.2859 0.6031 0.2828 0.5969 0.2781 0.6016 0.2750 0.5953 0.2781 0.5922 0.2828 0.5938 0.2828 0.5891 0.2812 0.5875 0.2750 0.5906 0.2750 0.5969 0.2719 0.6000 0.2547 0.6000 0.2484 0.5875
1 0.3453 0.5844 0.3328 0.5875 0.3312 0.6000 0.3281 0.6031 0.3266 0.6016 0.3266 0.6406 0.3297 0.6469 0.3328 0.6453 0.3359 0.6375 0.3516 0.6375 0.3563 0.6453 0.3609 0.6453 0.3609 0.5984 0.3563 0.5953 0.3531 0.5859 0.3484 0.5844
1 0.5719 0.4203 0.5594 0.4234 0.5563 0.4266 0.5563 0.4359 0.5594 0.4391 0.5516 0.4484 0.5453 0.4672 0.5469 0.5141 0.5594 0.5281 0.5875 0.5281 0.5891 0.5188 0.5969 0.5109 0.5984 0.5031 0.5984 0.4625 0.5953 0.4594 0.5906 0.4406 0.5828 0.4266 0.5781 0.4250 0.5750 0.4203
2 0.6875 0.5297 0.6766 0.5312 0.6687 0.5469 0.6687 0.5719 0.6703 0.5828 0.6734 0.5875 0.6875 0.5828 0.6969 0.5828 0.7047 0.5875 0.7078 0.5813 0.7078 0.5469 0.7000 0.5328 0.6922 0.5297
2 0.6078 0.6234 0.6016 0.6281 0.6031 0.6422 0.6000 0.6484 0.5984 0.6813 0.6016 0.6953 0.6047 0.6953 0.6094 0.6906 0.6250 0.6875 0.6281 0.6875 0.6375 0.6953 0.6422 0.6937 0.6422 0.6375 0.6359 0.6359 0.6344 0.6281 0.6297 0.6234
2 0.7875 0.6641 0.7766 0.6828 0.7766 0.7156 0.7812 0.7234 0.8141 0.7234 0.8187 0.7203 0.8187 0.6922 0.8109 0.6672 0.8063 0.6641
2 0.9359 0.7141 0.9266 0.7188 0.9203 0.7344 0.9203 0.7656 0.9234 0.7703 0.9313 0.7719 0.9344 0.7766 0.9375 0.7734 0.9672 0.7750 0.9688 0.7469 0.9578 0.7172 0.9516 0.7141
2 0.9094 0.6687 0.8938 0.6703 0.8875 0.6750 0.8812 0.7031 0.8812 0.7234 0.8828 0.7312 0.8859 0.7344 0.8953 0.7344 0.9016 0.7297 0.9109 0.7297 0.9187 0.7328 0.9281 0.7156 0.9266 0.6891 0.9203 0.6813 0.9187 0.6750 0.9109 0.6687
2 0.8484 0.6266 0.8406 0.6297 0.8313 0.6453 0.8328 0.6891 0.8375 0.6937 0.8422 0.6937 0.8453 0.6891 0.8578 0.6859 0.8641 0.6859 0.8703 0.6922 0.8766 0.6937 0.8797 0.6875 0.8797 0.6422 0.8750 0.6391 0.8719 0.6312 0.8641 0.6266