2 0.0672 0.7922 0.0563 0.8016 0.0484 0.8172 0.0484 0.8719 0.0516 0.8766 0.0609 0.8750 0.0641 0.8703 0.0703 0.8688 0.0875 0.8703 0.0938 0.8750 0.1016 0.8719 0.1031 0.8172 0.1000 0.8078 0.1000 0.7953 0.0969 0.7922
2 0.0063 0.9313 0.0000 0.9344 0.0000 0.9984 0.0500 0.9984 0.0516 0.9953 0.0500 0.9578 0.0453 0.9391 0.0344 0.9328 0.0078 0.9328
2 0.1094 0.7000 0.1016 0.7047 0.0969 0.7156 0.0938 0.7312 0.0938 0.7500 0.0969 0.7578 0.1047 0.7578 0.1141 0.7484 0.1219 0.7453 0.1344 0.7453 0.1391 0.7406 0.1391 0.7203 0.1359 0.7109 0.1328 0.7047 0.1250 0.7000
2 0.1469 0.6578 0.1344 0.6766 0.1313 0.7000 0.1406 0.7188 0.1594 0.7172 0.1656 0.7219 0.1719 0.7219 0.1750 0.7172 0.1750 0.6859 0.1672 0.6609 0.1625 0.6578
2 0.1891 0.6141 0.1844 0.6172 0.1766 0.6297 0.1750 0.6547 0.1766 0.6734 0.1797 0.6781 0.1875 0.6734 0.2047 0.6719 0.2125 0.6781 0.2172 0.6766 0.2203 0.6719 0.2203 0.6266 0.2141 0.6219 0.2109 0.6156 0.2062 0.6141
2 0.2625 0.6344 0.2547 0.6375 0.2484 0.6500 0.2484 0.6844 0.2828 0.6844 0.2859 0.6813 0.2875 0.6500 0.2781 0.6344
2 0.3563 0.5172 0.3500 0.5203 0.3422 0.5328 0.3453 0.5719 0.3578 0.5687 0.3750 0.5719 0.3781 0.5687 0.3812 0.5344 0.3734 0.5203 0.3688 0.5172
2 0.4281 0.5891 0.4250 0.5922 0.4234 0.6094 0.4234 0.6516 0.4344 0.6516 0.4500 0.6562 0.4531 0.6562 0.4578 0.6516 0.4594 0.6094 0.4484 0.5906 0.4375 0.5891
2 0.8000 0.6016 0.7937 0.6141 0.7937 0.6422 0.8156 0.6422 0.8203 0.6453 0.8250 0.6375 0.8250 0.6219 0.8219 0.6062 0.8172 0.6016
2 0.5047 0.4984 0.4969 0.5031 0.4953 0.5094 0.4969 0.5234 0.5000 0.5266 0.5250 0.5250 0.5266 0.5172 0.5234 0.5109 0.5234 0.5031 0.5141 0.4984
1 0.1375 0.7484 0.1203 0.7500 0.1172 0.7516 0.1172 0.7562 0.1141 0.7594 0.1187 0.7688 0.1156 0.7797 0.1094 0.7891 0.1094 0.8125 0.1047 0.8219 0.1047 0.8719 0.1016 0.8922 0.1031 0.9062 0.1062 0.9125 0.1125 0.9125 0.1250 0.9031 0.1562 0.9031 0.1641 0.9156 0.1672 0.9156 0.1719 0.9078 0.1781 0.9078 0.1812 0.9047 0.1859 0.8844 0.1891 0.8812 0.1906 0.8906 0.2000 0.8875 0.2000 0.8750 0.2047 0.8516 0.2047 0.7641 0.1875 0.7719 0.1875 0.8109 0.1938 0.8109 0.1953 0.8031 0.2000 0.7984 0.2031 0.8031 0.2031 0.8172 0.2000 0.8203 0.1969 0.8187 0.1922 0.8234 0.1891 0.8203 0.1891 0.8250 0.1844 0.8281 0.1812 0.8234 0.1812 0.7812 0.1766 0.7781 0.1797 0.7578 0.1766 0.7578 0.1703 0.7500 0.1625 0.7484
1 0.6531 0.6562 0.6453 0.6578 0.6375 0.6719 0.6375 0.7234 0.6422 0.7234 0.6484 0.7156 0.6609 0.7156 0.6703 0.7250 0.6750 0.7234 0.6766 0.7172 0.6766 0.6734 0.6719 0.6625 0.6672 0.6578 0.6578 0.6562
1 0.7312 0.6500 0.7250 0.6547 0.7250 0.6641 0.7219 0.6719 0.7250 0.6859 0.7234 0.7312 0.7266 0.7328 0.7453 0.7281 0.7656 0.7359 0.7703 0.7359 0.7719 0.7328 0.7719 0.6937 0.7750 0.6875 0.7750 0.6687 0.7719 0.6531 0.7688 0.6500 0.7641 0.6500 0.7562 0.6609 0.7391 0.6609 0.7359 0.6578 0.7359 0.6531 0.7328 0.6516
1 0.4547 0.4172 0.4453 0.4250 0.4422 0.4313 0.4375 0.4703 0.4391 0.4875 0.4422 0.4922 0.4406 0.5016 0.4469 0.5062 0.4562 0.5078 0.4656 0.5031 0.4688 0.5062 0.4766 0.5062 0.4828 0.4844 0.4828 0.4578 0.4750 0.4406 0.4766 0.4250 0.4719 0.4188 0.4656 0.4172