2 0.0375 0.7141 0.0328 0.7188 0.0266 0.7328 0.0250 0.7750 0.0375 0.7766 0.0453 0.7750 0.0531 0.7688 0.0594 0.7688 0.0656 0.7750 0.0703 0.7875 0.0734 0.7750 0.0734 0.7375 0.0719 0.7297 0.0625 0.7141
2 0.0844 0.6672 0.0750 0.6734 0.0719 0.6828 0.0672 0.6875 0.0656 0.6969 0.0641 0.7125 0.0750 0.7359 0.0797 0.7312 0.0953 0.7312 0.0984 0.7359 0.1062 0.7359 0.1109 0.7312 0.1109 0.6906 0.1062 0.6828 0.1047 0.6719 0.1016 0.6687 0.0938 0.6672
2 0.1297 0.6266 0.1250 0.6281 0.1203 0.6375 0.1141 0.6422 0.1141 0.6906 0.1187 0.6937 0.1281 0.6875 0.1437 0.6875 0.1484 0.6922 0.1562 0.6937 0.1609 0.6875 0.1609 0.6406 0.1484 0.6266
2 0.1984 0.6672 0.1844 0.6687 0.1797 0.6750 0.1719 0.7000 0.1734 0.7219 0.1766 0.7250 0.2109 0.7250 0.2156 0.7203 0.2141 0.6844 0.2094 0.6719 0.2047 0.6672
2 0.3641 0.6250 0.3578 0.6297 0.3547 0.6406 0.3500 0.6422 0.3531 0.6469 0.3500 0.6641 0.3516 0.6969 0.3563 0.6969 0.3625 0.6891 0.3734 0.6891 0.3797 0.6906 0.3891 0.6984 0.3953 0.6953 0.3969 0.6875 0.3969 0.6438 0.3922 0.6281 0.3844 0.6250
2 0.2984 0.5297 0.2938 0.5312 0.2859 0.5437 0.2859 0.5859 0.2938 0.5875 0.2984 0.5844 0.3078 0.5844 0.3172 0.5891 0.3234 0.5859 0.3250 0.5781 0.3250 0.5453 0.3219 0.5359 0.3141 0.5297
1 0.0359 0.8969 0.0312 0.9016 0.0297 0.9109 0.0297 0.9187 0.0344 0.9250 0.0422 0.9250 0.0484 0.9203 0.0484 0.9062 0.0453 0.8984 0.0406 0.8969
1 0.0531 0.7688 0.0484 0.7703 0.0437 0.7766 0.0375 0.7781 0.0250 0.7766 0.0172 0.7797 0.0125 0.7750 0.0000 0.7812 0.0000 0.9547 0.0109 0.9547 0.0187 0.9594 0.0328 0.9609 0.0391 0.9719 0.0437 0.9750 0.0484 0.9719 0.0516 0.9625 0.0609 0.9656 0.0750 0.9437 0.0781 0.9484 0.0906 0.9469 0.0953 0.9109 0.0953 0.8844 0.0984 0.8703 0.0984 0.7984 0.0938 0.7969 0.0750 0.8047 0.0703 0.7828 0.0719 0.7781 0.0688 0.7734 0.0578 0.7688
1 0.6016 0.8578 0.5922 0.8609 0.5828 0.8797 0.5828 0.9062 0.5781 0.9219 0.5766 0.9531 0.5797 0.9578 0.5828 0.9578 0.5875 0.9500 0.5969 0.9484 0.6391 0.9516 0.6453 0.9609 0.6500 0.9563 0.6500 0.9391 0.6453 0.9187 0.6453 0.8781 0.6422 0.8734 0.6359 0.8734 0.6344 0.8656 0.6297 0.8594 0.6047 0.8578
1 0.6453 0.5797 0.6375 0.5906 0.6375 0.6391 0.6422 0.6375 0.6469 0.6312 0.6594 0.6312 0.6656 0.6391 0.6703 0.6375 0.6734 0.6062 0.6719 0.5984 0.6687 0.6016 0.6672 0.6000 0.6687 0.5875 0.6656 0.5828 0.6625 0.5797 0.6547 0.5797
1 0.7141 0.5781 0.7078 0.5906 0.7063 0.6016 0.7063 0.6219 0.7109 0.6297 0.7078 0.6344 0.7094 0.6547 0.7125 0.6594 0.7406 0.6562 0.7531 0.6625 0.7578 0.6594 0.7609 0.6500 0.7609 0.6000 0.7562 0.5906 0.7562 0.5828 0.7516 0.5781 0.7453 0.5781 0.7391 0.5859 0.7328 0.5781 0.7281 0.5828 0.7250 0.5781 0.7172 0.5781
1 0.4188 0.4156 0.4016 0.4328 0.3953 0.4734 0.3984 0.4781 0.3984 0.4984 0.4047 0.5016 0.4094 0.5234 0.4266 0.5250 0.4313 0.5281 0.4375 0.5219 0.4469 0.5047 0.4453 0.4969 0.4484 0.4766 0.4469 0.4531 0.4406 0.4422 0.4422 0.4266 0.4391 0.4203 0.4328 0.4156