2 0.1328 0.7703 0.1141 0.7734 0.1078 0.7797 0.1062 0.7891 0.1016 0.7953 0.1016 0.8484 0.1047 0.8516 0.1203 0.8438 0.1406 0.8453 0.1453 0.8500 0.1500 0.8484 0.1531 0.8438 0.1531 0.7859 0.1500 0.7750 0.1359 0.7703
2 0.0766 0.9000 0.0703 0.9078 0.0641 0.9234 0.0594 0.9437 0.0594 0.9734 0.0609 0.9750 0.0641 0.9719 0.0891 0.9703 0.0984 0.9719 0.1094 0.9781 0.1141 0.9781 0.1187 0.9734 0.1203 0.9250 0.1109 0.9031 0.1016 0.9000
2 0.1547 0.6859 0.1391 0.6891 0.1359 0.7000 0.1328 0.7031 0.1328 0.7422 0.1422 0.7391 0.1656 0.7391 0.1734 0.7188 0.1734 0.7047 0.1703 0.7016 0.1672 0.6891 0.1609 0.6859
2 0.1844 0.6484 0.1797 0.6500 0.1672 0.6656 0.1672 0.6859 0.1719 0.7000 0.1766 0.7063 0.1938 0.7047 0.2000 0.7094 0.2031 0.7094 0.2078 0.7031 0.2078 0.6656 0.2016 0.6578 0.2016 0.6516 0.1969 0.6484
2 0.2219 0.6047 0.2078 0.6219 0.2078 0.6531 0.2125 0.6656 0.2156 0.6656 0.2203 0.6594 0.2359 0.6594 0.2422 0.6656 0.2469 0.6656 0.2516 0.6594 0.2516 0.6188 0.2500 0.6141 0.2391 0.6047
2 0.2969 0.6141 0.2922 0.6172 0.2844 0.6391 0.2844 0.6516 0.2875 0.6625 0.3203 0.6609 0.3219 0.6281 0.3172 0.6172 0.3125 0.6141
2 0.4578 0.5719 0.4531 0.5750 0.4516 0.5844 0.4484 0.5859 0.4484 0.5969 0.4453 0.6031 0.4469 0.6328 0.4500 0.6344 0.4562 0.6281 0.4734 0.6281 0.4781 0.6359 0.4828 0.6359 0.4859 0.6312 0.4875 0.5875 0.4813 0.5766 0.4734 0.5719
2 0.3828 0.5078 0.3797 0.5094 0.3781 0.5172 0.3734 0.5219 0.3750 0.5594 0.3797 0.5594 0.3844 0.5547 0.3922 0.5547 0.4000 0.5594 0.4062 0.5563 0.4078 0.5219 0.3984 0.5078
2 0.8156 0.6281 0.8109 0.6297 0.8063 0.6422 0.8047 0.6672 0.8094 0.6734 0.8172 0.6687 0.8313 0.6734 0.8375 0.6719 0.8375 0.6406 0.8313 0.6297 0.8219 0.6281
1 0.2125 0.7250 0.1734 0.7281 0.1688 0.7438 0.1672 0.7828 0.1594 0.8203 0.1609 0.8781 0.1672 0.8812 0.1734 0.8703 0.1984 0.8703 0.2078 0.8750 0.2156 0.8844 0.2188 0.8844 0.2250 0.8766 0.2359 0.8719 0.2375 0.8250 0.2344 0.8219 0.2375 0.8172 0.2344 0.8141 0.2375 0.8109 0.2406 0.8109 0.2437 0.8172 0.2469 0.8141 0.2469 0.8250 0.2516 0.8281 0.2547 0.7906 0.2516 0.7891 0.2469 0.7953 0.2406 0.7969 0.2391 0.8000 0.2359 0.7875 0.2297 0.7875 0.2297 0.7812 0.2359 0.7797 0.2359 0.7719 0.2297 0.7641 0.2281 0.7500 0.2313 0.7469 0.2359 0.7500 0.2359 0.7297 0.2328 0.7312 0.2344 0.7375 0.2313 0.7469 0.2297 0.7328 0.2266 0.7281 0.2141 0.7266
1 0.4750 0.4141 0.4625 0.4281 0.4578 0.4641 0.4641 0.4719 0.4703 0.4688 0.4828 0.4719 0.4875 0.4781 0.4859 0.4813 0.4906 0.4813 0.4938 0.4906 0.5016 0.4766 0.5016 0.4500 0.4953 0.4391 0.4969 0.4234 0.4891 0.4141
1 0.7328 0.3953 0.7234 0.3984 0.7219 0.4078 0.7234 0.4484 0.7250 0.4516 0.7328 0.4547 0.7516 0.4547 0.7547 0.4484 0.7547 0.3984 0.7453 0.3953
1 0.6578 0.6953 0.6500 0.6969 0.6453 0.7125 0.6422 0.7156 0.6453 0.7219 0.6422 0.7297 0.6422 0.7656 0.6453 0.7656 0.6516 0.7562 0.6703 0.7562 0.6734 0.7594 0.6750 0.7672 0.6781 0.7672 0.6813 0.7625 0.6813 0.7141 0.6750 0.7063 0.6734 0.6969 0.6641 0.6953
1 0.7391 0.6797 0.7344 0.6859 0.7344 0.6953 0.7297 0.7031 0.7328 0.7219 0.7328 0.7672 0.7391 0.7703 0.7500 0.7656 0.7656 0.7656 0.7734 0.7734 0.7812 0.7719 0.7844 0.7547 0.7844 0.7266 0.7875 0.7188 0.7875 0.7063 0.7844 0.7000 0.7828 0.6828 0.7812 0.6797 0.7703 0.6813 0.7703 0.6891 0.7656 0.6937 0.7625 0.6937 0.7484 0.6922 0.7422 0.6797