2 0.0500 0.9125 0.0437 0.9141 0.0375 0.9203 0.0266 0.9375 0.0266 0.9938 0.0297 0.9953 0.0328 0.9906 0.0375 0.9922 0.0484 0.9891 0.0797 0.9969 0.0844 0.9953 0.0891 0.9891 0.0891 0.9391 0.0844 0.9328 0.0844 0.9266 0.0797 0.9172 0.0734 0.9141 0.0578 0.9125
2 0.1016 0.7797 0.0859 0.7859 0.0813 0.8031 0.0766 0.8063 0.0797 0.8172 0.0766 0.8344 0.0766 0.8500 0.0797 0.8609 0.0859 0.8609 0.0953 0.8547 0.1141 0.8547 0.1172 0.8594 0.1219 0.8609 0.1297 0.8562 0.1328 0.8344 0.1313 0.8000 0.1234 0.7844 0.1047 0.7797
2 0.1266 0.6922 0.1203 0.6969 0.1141 0.7125 0.1125 0.7391 0.1141 0.7469 0.1172 0.7500 0.1406 0.7453 0.1437 0.7391 0.1531 0.7312 0.1578 0.7141 0.1500 0.6969 0.1422 0.6922
2 0.1688 0.6516 0.1641 0.6531 0.1516 0.6687 0.1484 0.6906 0.1500 0.6984 0.1562 0.7063 0.1578 0.7125 0.1766 0.7094 0.1859 0.7156 0.1922 0.7109 0.1922 0.6641 0.1844 0.6531 0.1703 0.6531
2 0.2125 0.6078 0.2031 0.6094 0.1984 0.6156 0.1984 0.6203 0.1922 0.6250 0.1922 0.6547 0.1953 0.6703 0.2000 0.6703 0.2078 0.6656 0.2219 0.6656 0.2266 0.6703 0.2313 0.6703 0.2359 0.6641 0.2359 0.6234 0.2266 0.6094 0.2141 0.6094
2 0.2781 0.6234 0.2750 0.6250 0.2672 0.6438 0.2672 0.6672 0.2703 0.6719 0.3000 0.6719 0.3047 0.6672 0.3047 0.6375 0.2969 0.6234
2 0.4422 0.5797 0.4313 0.5922 0.4297 0.6375 0.4328 0.6422 0.4359 0.6422 0.4406 0.6375 0.4562 0.6375 0.4641 0.6453 0.4688 0.6453 0.4719 0.6391 0.4734 0.5953 0.4688 0.5906 0.4672 0.5828 0.4625 0.5797
2 0.3688 0.5125 0.3641 0.5156 0.3641 0.5203 0.3578 0.5281 0.3609 0.5641 0.3734 0.5609 0.3891 0.5641 0.3922 0.5609 0.3937 0.5266 0.3891 0.5172 0.3828 0.5125
1 0.6578 0.6766 0.6531 0.6797 0.6469 0.6781 0.6375 0.6937 0.6375 0.7484 0.6406 0.7484 0.6500 0.7391 0.6656 0.7422 0.6703 0.7484 0.6766 0.7469 0.6781 0.6969 0.6703 0.6813 0.6656 0.6766 0.6594 0.6781
1 0.7703 0.6656 0.7594 0.6797 0.7438 0.6797 0.7375 0.6687 0.7297 0.6687 0.7250 0.6859 0.7250 0.6969 0.7297 0.7078 0.7266 0.7141 0.7250 0.7344 0.7266 0.7516 0.7312 0.7547 0.7359 0.7516 0.7594 0.7500 0.7703 0.7578 0.7750 0.7562 0.7766 0.7188 0.7797 0.7016 0.7797 0.6937 0.7734 0.6813 0.7750 0.6687 0.7719 0.6656
1 0.2047 0.7250 0.2016 0.7281 0.2016 0.7375 0.1938 0.7328 0.1875 0.7359 0.1516 0.7359 0.1437 0.7438 0.1453 0.7531 0.1422 0.7578 0.1422 0.7688 0.1359 0.7781 0.1375 0.8016 0.1328 0.8453 0.1328 0.8797 0.1375 0.8953 0.1437 0.8938 0.1500 0.8875 0.1844 0.8875 0.1922 0.8969 0.1953 0.8969 0.2000 0.8891 0.2078 0.8875 0.2156 0.8719 0.2281 0.8719 0.2328 0.8109 0.2313 0.7469 0.2188 0.7562 0.2156 0.7688 0.2125 0.7406 0.2094 0.7375 0.2078 0.7281
1 0.4719 0.4172 0.4609 0.4188 0.4562 0.4234 0.4500 0.4375 0.4484 0.4500 0.4484 0.4672 0.4516 0.4813 0.4500 0.4859 0.4562 0.4891 0.4562 0.4938 0.4625 0.5016 0.4656 0.5016 0.4625 0.4984 0.4641 0.4953 0.4766 0.4922 0.4813 0.4922 0.4859 0.4984 0.4875 0.4891 0.4906 0.4859 0.4922 0.4547 0.4844 0.4375 0.4781 0.4297 0.4781 0.4203 0.4734 0.4172