1 0.9531 0.7688 0.9375 0.7750 0.9359 0.7922 0.9328 0.8000 0.9266 0.8047 0.9172 0.8000 0.9094 0.8016 0.9094 0.8656 0.9156 0.9469 0.9203 0.9516 0.9359 0.9516 0.9422 0.9641 0.9500 0.9703 0.9547 0.9672 0.9609 0.9766 0.9656 0.9750 0.9703 0.9672 0.9812 0.9641 0.9844 0.9609 0.9984 0.9641 0.9984 0.7812 0.9641 0.7812 0.9547 0.7688
1 0.3766 0.8500 0.3688 0.8531 0.3641 0.8609 0.3563 0.8656 0.3547 0.8719 0.3547 0.9047 0.3500 0.9187 0.3500 0.9484 0.3531 0.9547 0.3578 0.9531 0.3609 0.9453 0.3672 0.9437 0.4047 0.9422 0.4109 0.9437 0.4188 0.9500 0.4234 0.9469 0.4234 0.9172 0.4172 0.9000 0.4188 0.8719 0.4078 0.8547 0.4000 0.8500
1 0.2469 0.5766 0.2391 0.5984 0.2406 0.6094 0.2469 0.6141 0.2781 0.6094 0.2828 0.6109 0.2828 0.6078 0.2797 0.6094 0.2766 0.6047 0.2750 0.5906 0.2703 0.5875 0.2594 0.5891 0.2516 0.5766
1 0.2625 0.6094 0.2500 0.6125 0.2422 0.6172 0.2422 0.6500 0.2469 0.6547 0.2562 0.6531 0.2594 0.6484 0.2641 0.6469 0.2781 0.6484 0.2828 0.6516 0.2875 0.6500 0.2875 0.6250 0.2844 0.6125 0.2812 0.6094
1 0.3484 0.5719 0.3359 0.5734 0.3281 0.5875 0.3281 0.6297 0.3312 0.6344 0.3406 0.6234 0.3531 0.6234 0.3594 0.6328 0.3625 0.6312 0.3625 0.5875 0.3578 0.5766 0.3531 0.5719
1 0.5719 0.4297 0.5687 0.4344 0.5641 0.4344 0.5703 0.4344 0.5750 0.4375 0.5609 0.4469 0.5531 0.4641 0.5547 0.5109 0.5609 0.5219 0.5703 0.5297 0.5891 0.5281 0.5984 0.5156 0.6031 0.5219 0.6031 0.5125 0.6062 0.5078 0.6031 0.4906 0.6047 0.4703 0.5984 0.4500 0.5969 0.4359 0.5938 0.4344 0.5828 0.4422 0.5766 0.4391 0.5781 0.4297
2 0.6156 0.6281 0.6109 0.6422 0.6047 0.6484 0.6047 0.6797 0.6062 0.6969 0.6094 0.7016 0.6156 0.7016 0.6203 0.6953 0.6250 0.6937 0.6391 0.6937 0.6453 0.7000 0.6531 0.6984 0.6547 0.6797 0.6500 0.6516 0.6516 0.6453 0.6469 0.6422 0.6453 0.6344 0.6406 0.6281
2 0.8016 0.6719 0.7937 0.6781 0.7906 0.6859 0.7891 0.7203 0.7937 0.7266 0.8094 0.7250 0.8156 0.7219 0.8203 0.7250 0.8297 0.7250 0.8297 0.7094 0.8266 0.7063 0.8297 0.6969 0.8250 0.6766 0.8219 0.6734 0.8078 0.6719
2 0.8531 0.6297 0.8547 0.6344 0.8641 0.6344 0.8688 0.6312 0.8781 0.6359 0.8828 0.6453 0.8797 0.6484 0.8531 0.6484 0.8500 0.6453 0.8516 0.6359 0.8484 0.6359 0.8484 0.6422 0.8422 0.6453 0.8406 0.6609 0.8438 0.6891 0.8484 0.6953 0.8578 0.6875 0.8656 0.6875 0.8688 0.6844 0.8719 0.6844 0.8828 0.6937 0.8875 0.6922 0.8891 0.6500 0.8875 0.6438 0.8844 0.6438 0.8797 0.6391 0.8797 0.6328 0.8766 0.6297
2 0.9109 0.6672 0.9031 0.6687 0.8953 0.6750 0.8922 0.6891 0.8922 0.7281 0.8969 0.7359 0.9187 0.7297 0.9313 0.7328 0.9391 0.7156 0.9375 0.6891 0.9328 0.6844 0.9313 0.6766 0.9234 0.6703 0.9125 0.6672
2 0.9391 0.7156 0.9297 0.7359 0.9297 0.7703 0.9344 0.7781 0.9453 0.7688 0.9547 0.7688 0.9625 0.7781 0.9781 0.7766 0.9781 0.7391 0.9719 0.7219 0.9656 0.7156
2 0.6859 0.5312 0.6813 0.5359 0.6797 0.5453 0.6766 0.5484 0.6781 0.5828 0.6813 0.5891 0.6859 0.5891 0.6969 0.5828 0.7031 0.5828 0.7125 0.5891 0.7156 0.5875 0.7172 0.5516 0.7125 0.5375 0.7047 0.5312
2 0.5281 0.4922 0.5203 0.5000 0.5156 0.5141 0.5156 0.5359 0.5188 0.5422 0.5469 0.5391 0.5500 0.5141 0.5437 0.4969 0.5375 0.4922