2 0.6062 0.8922 0.5984 0.9094 0.5906 0.9156 0.5938 0.9344 0.5875 0.9734 0.5891 0.9984 0.5938 0.9984 0.6031 0.9906 0.6125 0.9938 0.6219 0.9922 0.6312 0.9984 0.6641 0.9984 0.6641 0.9656 0.6594 0.9563 0.6594 0.9109 0.6578 0.9078 0.6531 0.9094 0.6422 0.8938 0.6234 0.8922
2 0.2172 0.6562 0.2109 0.6594 0.2031 0.6844 0.2047 0.7094 0.2078 0.7109 0.2406 0.7109 0.2453 0.7047 0.2437 0.6687 0.2359 0.6562 0.2297 0.6562
2 0.3906 0.6125 0.3875 0.6141 0.3859 0.6234 0.3812 0.6281 0.3812 0.6391 0.3781 0.6484 0.3781 0.6797 0.3828 0.6813 0.3906 0.6734 0.4078 0.6766 0.4078 0.6719 0.4109 0.6687 0.4141 0.6719 0.4156 0.6828 0.4219 0.6766 0.4234 0.6594 0.4203 0.6531 0.4203 0.6422 0.4234 0.6375 0.4234 0.6312 0.4188 0.6328 0.4156 0.6297 0.4109 0.6344 0.4078 0.6312 0.4094 0.6172 0.4031 0.6125
2 0.3250 0.5266 0.3187 0.5281 0.3141 0.5391 0.3094 0.5406 0.3094 0.5766 0.3109 0.5797 0.3328 0.5766 0.3438 0.5813 0.3469 0.5719 0.3484 0.5437 0.3391 0.5281 0.3266 0.5266
2 0.1562 0.6234 0.1484 0.6266 0.1406 0.6484 0.1406 0.6844 0.1469 0.6875 0.1562 0.6813 0.1672 0.6813 0.1750 0.6891 0.1797 0.6891 0.1844 0.6844 0.1859 0.6422 0.1812 0.6297 0.1719 0.6234
2 0.1109 0.6656 0.1000 0.6734 0.0922 0.6969 0.0938 0.7156 0.0984 0.7250 0.1062 0.7312 0.1094 0.7266 0.1203 0.7266 0.1328 0.7312 0.1375 0.7234 0.1375 0.6797 0.1250 0.6656
2 0.0688 0.7094 0.0609 0.7156 0.0547 0.7281 0.0516 0.7469 0.0531 0.7578 0.0500 0.7625 0.0547 0.7672 0.0906 0.7672 0.0984 0.7578 0.1000 0.7312 0.0922 0.7125 0.0875 0.7094
1 0.1094 0.7609 0.1062 0.7656 0.1016 0.7656 0.1000 0.7688 0.0953 0.7688 0.0922 0.7719 0.0391 0.7688 0.0359 0.7734 0.0359 0.7953 0.0391 0.7969 0.0391 0.8031 0.0297 0.8125 0.0312 0.8281 0.0266 0.8375 0.0281 0.8484 0.0328 0.8562 0.0328 0.8719 0.0297 0.8766 0.0281 0.9031 0.0250 0.9141 0.0250 0.9344 0.0281 0.9516 0.0344 0.9500 0.0406 0.9422 0.0547 0.9437 0.0641 0.9375 0.0797 0.9375 0.0906 0.9469 0.0938 0.9547 0.0984 0.9469 0.1125 0.9422 0.1156 0.9297 0.1187 0.9266 0.1313 0.9281 0.1375 0.9234 0.1375 0.8844 0.1406 0.8797 0.1422 0.8672 0.1422 0.7859 0.1344 0.7859 0.1219 0.7922 0.1172 0.7859 0.1187 0.7781 0.1109 0.7609
1 0.4328 0.4188 0.4266 0.4250 0.4266 0.4281 0.4188 0.4344 0.4188 0.4562 0.4141 0.4656 0.4156 0.4734 0.4125 0.4969 0.4188 0.5266 0.4469 0.5266 0.4562 0.5203 0.4609 0.5094 0.4641 0.4906 0.4641 0.4578 0.4594 0.4469 0.4547 0.4422 0.4562 0.4281 0.4500 0.4188
1 0.6469 0.6125 0.6438 0.6219 0.6453 0.6281 0.6391 0.6406 0.6406 0.6687 0.6453 0.6687 0.6500 0.6625 0.6625 0.6625 0.6687 0.6687 0.6750 0.6672 0.6750 0.6234 0.6656 0.6125 0.6516 0.6125
1 0.7281 0.6406 0.7234 0.6438 0.7188 0.6578 0.7203 0.6844 0.7297 0.6813 0.7453 0.6813 0.7562 0.6859 0.7625 0.6859 0.7641 0.6813 0.7672 0.6453 0.7625 0.6469 0.7469 0.6406
1 0.7094 0.3656 0.7063 0.4031 0.7094 0.4094 0.7094 0.4219 0.7125 0.4250 0.7391 0.4234 0.7406 0.4094 0.7391 0.3703 0.7359 0.3672 0.7172 0.3656
1 0.7688 0.3703 0.7641 0.3750 0.7609 0.3906 0.7656 0.4125 0.7781 0.4125 0.7891 0.4094 0.7891 0.3750 0.7859 0.3719 0.7781 0.3703