2 0.0875 0.7844 0.0781 0.7906 0.0734 0.8047 0.0688 0.8094 0.0688 0.8641 0.0719 0.8672 0.0891 0.8609 0.1062 0.8609 0.1125 0.8656 0.1172 0.8656 0.1219 0.8609 0.1234 0.8141 0.1203 0.7922 0.1125 0.7844
2 0.0359 0.9187 0.0281 0.9250 0.0187 0.9437 0.0187 0.9531 0.0125 0.9656 0.0141 0.9984 0.0781 0.9984 0.0781 0.9469 0.0719 0.9328 0.0719 0.9266 0.0656 0.9219 0.0547 0.9187
2 0.2703 0.6422 0.2641 0.6438 0.2609 0.6531 0.2625 0.6766 0.2953 0.6766 0.2984 0.6734 0.2984 0.6453 0.2953 0.6422 0.2719 0.6438
2 0.2000 0.6125 0.1875 0.6266 0.1859 0.6516 0.1906 0.6734 0.1953 0.6734 0.2016 0.6687 0.2156 0.6687 0.2203 0.6734 0.2266 0.6734 0.2297 0.6703 0.2313 0.6297 0.2234 0.6141 0.2203 0.6125
2 0.3625 0.5156 0.3531 0.5328 0.3531 0.5609 0.3563 0.5672 0.3672 0.5625 0.3750 0.5625 0.3812 0.5672 0.3859 0.5672 0.3875 0.5641 0.3891 0.5297 0.3812 0.5156
2 0.4375 0.5828 0.4344 0.5844 0.4313 0.5906 0.4328 0.5953 0.4281 0.5984 0.4266 0.6031 0.4266 0.6469 0.4328 0.6453 0.4375 0.6406 0.4437 0.6406 0.4547 0.6453 0.4594 0.6500 0.4625 0.6500 0.4672 0.6422 0.4656 0.6078 0.4688 0.6062 0.4688 0.6016 0.4641 0.5984 0.4594 0.5844 0.4484 0.5828
2 0.1250 0.6953 0.1187 0.6969 0.1141 0.7016 0.1094 0.7125 0.1062 0.7344 0.1094 0.7531 0.1266 0.7531 0.1391 0.7406 0.1453 0.7391 0.1500 0.7344 0.1500 0.7125 0.1453 0.7016 0.1375 0.6953
2 0.8016 0.6141 0.7953 0.6266 0.7953 0.6547 0.8016 0.6578 0.8078 0.6562 0.8203 0.6594 0.8234 0.6594 0.8266 0.6531 0.8266 0.6266 0.8203 0.6141
1 0.6531 0.6719 0.6453 0.6734 0.6359 0.6906 0.6359 0.7422 0.6391 0.7438 0.6484 0.7359 0.6625 0.7359 0.6719 0.7453 0.6750 0.7422 0.6766 0.7328 0.6766 0.6922 0.6656 0.6734 0.6547 0.6719
1 0.7672 0.6609 0.7594 0.6766 0.7344 0.6750 0.7328 0.6734 0.7375 0.6687 0.7328 0.6656 0.7266 0.6687 0.7281 0.6750 0.7234 0.6828 0.7234 0.6969 0.7266 0.7031 0.7234 0.7188 0.7234 0.7469 0.7266 0.7500 0.7578 0.7484 0.7672 0.7531 0.7734 0.7500 0.7766 0.6844 0.7734 0.6734 0.7750 0.6687 0.7688 0.6625
1 0.1891 0.7281 0.1844 0.7312 0.1844 0.7344 0.1906 0.7344 0.1906 0.7375 0.1484 0.7391 0.1391 0.7438 0.1328 0.7547 0.1328 0.7703 0.1266 0.7922 0.1281 0.8016 0.1250 0.8094 0.1266 0.8984 0.1313 0.9016 0.1406 0.8953 0.1609 0.8969 0.1641 0.8938 0.1688 0.8953 0.1734 0.8922 0.1766 0.8984 0.1797 0.8984 0.1844 0.9031 0.1875 0.9031 0.1922 0.8969 0.1969 0.8969 0.2000 0.8938 0.2047 0.8844 0.2078 0.8688 0.2141 0.8797 0.2203 0.8766 0.2203 0.8578 0.2234 0.8406 0.2250 0.7562 0.2234 0.7516 0.2203 0.7531 0.2188 0.7641 0.2156 0.7672 0.2125 0.7594 0.2062 0.7562 0.2047 0.7422 0.1922 0.7281
1 0.4609 0.4188 0.4547 0.4219 0.4531 0.4297 0.4500 0.4328 0.4437 0.4641 0.4469 0.4891 0.4422 0.4938 0.4406 0.5016 0.4437 0.5094 0.4500 0.5156 0.4797 0.5141 0.4859 0.5016 0.4859 0.4875 0.4891 0.4813 0.4859 0.4484 0.4797 0.4422 0.4797 0.4266 0.4672 0.4188