1 0.2016 0.7250 0.1969 0.7297 0.1594 0.7312 0.1531 0.7375 0.1531 0.7469 0.1500 0.7500 0.1484 0.8016 0.1437 0.8203 0.1422 0.8578 0.1437 0.8828 0.1469 0.8891 0.1516 0.8875 0.1562 0.8812 0.1875 0.8781 0.1969 0.8812 0.2031 0.8922 0.2094 0.8844 0.2156 0.8844 0.2188 0.8812 0.2188 0.8734 0.2219 0.8688 0.2359 0.8656 0.2406 0.8094 0.2391 0.7438 0.2391 0.7516 0.2344 0.7625 0.2391 0.7672 0.2297 0.7766 0.2375 0.7828 0.2375 0.7922 0.2313 0.8000 0.2219 0.8031 0.2188 0.8000 0.2172 0.7828 0.2281 0.7734 0.2281 0.7688 0.2250 0.7750 0.2203 0.7672 0.2266 0.7625 0.2297 0.7516 0.2219 0.7500 0.2203 0.7312 0.2125 0.7250 0.2062 0.7250
1 0.7344 0.6719 0.7312 0.6734 0.7281 0.6922 0.7281 0.7016 0.7312 0.7078 0.7281 0.7531 0.7312 0.7578 0.7391 0.7578 0.7422 0.7547 0.7641 0.7547 0.7734 0.7609 0.7781 0.7578 0.7797 0.7109 0.7750 0.7094 0.7719 0.7031 0.7828 0.7016 0.7828 0.6969 0.7812 0.6937 0.7750 0.6984 0.7688 0.6922 0.7688 0.6891 0.7750 0.6859 0.7734 0.6766 0.7672 0.6766 0.7672 0.6797 0.7625 0.6844 0.7516 0.6828 0.7516 0.6922 0.7469 0.6953 0.7438 0.6922 0.7453 0.6859 0.7391 0.6719
1 0.6500 0.6828 0.6453 0.6875 0.6406 0.6984 0.6391 0.7469 0.6422 0.7531 0.6469 0.7500 0.6500 0.7438 0.6672 0.7438 0.6734 0.7531 0.6781 0.7516 0.6781 0.7203 0.6813 0.7078 0.6797 0.7000 0.6703 0.6828
1 0.4656 0.4156 0.4609 0.4203 0.4562 0.4313 0.4531 0.4531 0.4500 0.4594 0.4531 0.4891 0.4578 0.4969 0.4547 0.4984 0.4531 0.5062 0.4578 0.5094 0.4859 0.5094 0.4906 0.5016 0.4953 0.4828 0.4969 0.4547 0.4859 0.4344 0.4859 0.4188 0.4828 0.4156
2 0.2125 0.6047 0.2078 0.6062 0.1984 0.6219 0.1984 0.6547 0.2016 0.6672 0.2094 0.6672 0.2125 0.6641 0.2156 0.6656 0.2188 0.6625 0.2266 0.6625 0.2328 0.6672 0.2375 0.6672 0.2422 0.6609 0.2406 0.6578 0.2437 0.6281 0.2406 0.6172 0.2344 0.6078 0.2172 0.6047
2 0.2859 0.6172 0.2812 0.6203 0.2734 0.6359 0.2719 0.6531 0.2750 0.6672 0.3078 0.6672 0.3109 0.6609 0.3109 0.6375 0.3063 0.6203 0.2891 0.6172
2 0.1703 0.6500 0.1641 0.6562 0.1578 0.6687 0.1562 0.6906 0.1656 0.7109 0.1688 0.7109 0.1719 0.7063 0.1844 0.7063 0.1906 0.7125 0.1938 0.7125 0.1984 0.7047 0.1984 0.6641 0.1875 0.6500
2 0.1328 0.6891 0.1281 0.6922 0.1219 0.7063 0.1187 0.7344 0.1219 0.7469 0.1281 0.7438 0.1469 0.7438 0.1516 0.7359 0.1516 0.7312 0.1609 0.7266 0.1625 0.7063 0.1531 0.6891
2 0.1109 0.7750 0.1000 0.7781 0.0938 0.7844 0.0906 0.7953 0.0859 0.8016 0.0875 0.8562 0.0938 0.8562 0.1031 0.8500 0.1219 0.8500 0.1281 0.8562 0.1344 0.8562 0.1391 0.8500 0.1406 0.7969 0.1344 0.7797 0.1250 0.7750
2 0.0625 0.9078 0.0516 0.9109 0.0469 0.9250 0.0391 0.9297 0.0406 0.9422 0.0375 0.9594 0.0375 0.9781 0.0406 0.9828 0.0641 0.9812 0.0844 0.9844 0.0953 0.9844 0.0984 0.9812 0.0984 0.9313 0.0953 0.9281 0.0938 0.9156 0.0891 0.9109 0.0781 0.9078
2 0.4484 0.5750 0.4453 0.5766 0.4406 0.5875 0.4359 0.5906 0.4375 0.6359 0.4437 0.6375 0.4500 0.6328 0.4641 0.6328 0.4703 0.6391 0.4750 0.6391 0.4781 0.6359 0.4781 0.5953 0.4734 0.5891 0.4703 0.5766 0.4656 0.5750
2 0.3719 0.5094 0.3625 0.5250 0.3656 0.5609 0.3734 0.5609 0.3766 0.5578 0.3875 0.5578 0.3906 0.5609 0.3969 0.5594 0.4000 0.5281 0.3937 0.5125 0.3891 0.5094
2 0.8094 0.6188 0.8016 0.6297 0.8016 0.6594 0.8078 0.6609 0.8141 0.6562 0.8203 0.6609 0.8250 0.6594 0.8281 0.6625 0.8313 0.6609 0.8328 0.6297 0.8266 0.6203 0.8125 0.6188