2 0.5984 0.6156 0.5938 0.6203 0.5953 0.6312 0.6062 0.6328 0.5938 0.6391 0.5906 0.6531 0.5875 0.6484 0.5859 0.6359 0.5828 0.6359 0.5859 0.6750 0.5844 0.6797 0.5875 0.6766 0.5875 0.6562 0.5906 0.6531 0.5953 0.6828 0.6141 0.6781 0.6250 0.6859 0.6297 0.6859 0.6297 0.6328 0.6219 0.6250 0.6219 0.6203 0.6172 0.6156
2 0.7750 0.6609 0.7688 0.6656 0.7641 0.6766 0.7641 0.7109 0.7688 0.7156 0.8047 0.7141 0.8063 0.6922 0.7984 0.6656 0.7953 0.6625 0.7766 0.6609
2 0.7750 0.6609 0.7703 0.6641 0.7641 0.6781 0.7641 0.7109 0.7672 0.7141 0.7781 0.7125 0.7984 0.7156 0.8016 0.7156 0.8063 0.7094 0.8063 0.6844 0.7984 0.6656 0.7937 0.6625 0.7828 0.6609
2 0.8344 0.6250 0.8297 0.6266 0.8219 0.6406 0.8203 0.6484 0.8219 0.6844 0.8281 0.6906 0.8391 0.6828 0.8500 0.6828 0.8594 0.6891 0.8656 0.6891 0.8672 0.6859 0.8672 0.6422 0.8609 0.6359 0.8609 0.6297 0.8547 0.6250
2 0.8875 0.6656 0.8750 0.6687 0.8750 0.6766 0.8703 0.6859 0.8688 0.7172 0.8719 0.7312 0.8781 0.7328 0.8875 0.7281 0.9000 0.7266 0.9078 0.7312 0.9156 0.7156 0.9156 0.6969 0.9078 0.6734 0.9016 0.6672 0.8891 0.6656
2 0.9234 0.7109 0.9156 0.7141 0.9094 0.7266 0.9062 0.7359 0.9062 0.7609 0.9094 0.7641 0.9172 0.7641 0.9234 0.7703 0.9453 0.7719 0.9500 0.7719 0.9547 0.7672 0.9547 0.7391 0.9469 0.7172 0.9422 0.7125 0.9359 0.7109
2 0.6750 0.5266 0.6656 0.5281 0.6578 0.5422 0.6609 0.5828 0.6656 0.5828 0.6719 0.5781 0.6844 0.5781 0.6922 0.5828 0.6969 0.5797 0.6969 0.5422 0.6906 0.5312 0.6828 0.5266
1 0.2391 0.5938 0.2359 0.6094 0.2313 0.6188 0.2313 0.6375 0.2344 0.6422 0.2328 0.6531 0.2391 0.6766 0.2578 0.6703 0.2812 0.6703 0.2812 0.6406 0.2766 0.6344 0.2766 0.6297 0.2828 0.6234 0.2812 0.5984 0.2750 0.5938 0.2703 0.5953 0.2656 0.6016 0.2500 0.6031 0.2469 0.5969 0.2422 0.5938
1 0.3344 0.6016 0.3266 0.6062 0.3297 0.6062 0.3344 0.6109 0.3312 0.6188 0.3250 0.6203 0.3250 0.6562 0.3375 0.6469 0.3453 0.6469 0.3531 0.6547 0.3578 0.6547 0.3578 0.6281 0.3531 0.6188 0.3516 0.6016
1 0.5594 0.4172 0.5500 0.4203 0.5453 0.4281 0.5484 0.4406 0.5437 0.4453 0.5391 0.4609 0.5391 0.4828 0.5422 0.4938 0.5391 0.5109 0.5406 0.5156 0.5531 0.5266 0.5703 0.5234 0.5875 0.5297 0.5875 0.5203 0.5906 0.5172 0.5891 0.4719 0.5938 0.4656 0.5859 0.4578 0.5828 0.4313 0.5719 0.4188 0.5656 0.4172
1 0.9047 0.7625 0.8922 0.7906 0.8734 0.7906 0.8719 0.7937 0.8719 0.8719 0.8766 0.8953 0.8766 0.9297 0.8797 0.9344 0.8953 0.9344 0.9000 0.9391 0.9031 0.9500 0.9078 0.9531 0.9156 0.9531 0.9187 0.9609 0.9219 0.9625 0.9281 0.9578 0.9313 0.9516 0.9422 0.9484 0.9734 0.9516 0.9781 0.9547 0.9781 0.9578 0.9875 0.9609 0.9906 0.9578 0.9922 0.9500 0.9891 0.8875 0.9906 0.8844 0.9859 0.8703 0.9859 0.8313 0.9766 0.8078 0.9750 0.7984 0.9781 0.7937 0.9750 0.7766 0.9641 0.7719 0.9203 0.7750 0.9109 0.7703 0.9125 0.7641 0.9078 0.7656
1 0.2797 0.3609 0.2609 0.3641 0.2609 0.3937 0.2625 0.4109 0.2656 0.4172 0.2812 0.4156 0.2828 0.4109 0.2922 0.4016 0.2922 0.3625 0.2891 0.3609