2 0.7828 0.6625 0.7750 0.6687 0.7734 0.6766 0.7703 0.6797 0.7703 0.7141 0.7750 0.7188 0.7875 0.7172 0.7906 0.7141 0.8016 0.7141 0.8047 0.7172 0.8109 0.7141 0.8109 0.6828 0.8063 0.6672 0.8016 0.6641 0.7844 0.6641
2 0.8391 0.6266 0.8313 0.6328 0.8250 0.6469 0.8266 0.6797 0.8281 0.6875 0.8328 0.6922 0.8375 0.6922 0.8422 0.6859 0.8609 0.6859 0.8672 0.6922 0.8703 0.6922 0.8734 0.6875 0.8734 0.6422 0.8672 0.6312 0.8609 0.6266
2 0.8875 0.6672 0.8812 0.6719 0.8750 0.6922 0.8766 0.7281 0.8828 0.7344 0.8938 0.7297 0.9062 0.7297 0.9125 0.7328 0.9156 0.7312 0.9219 0.7156 0.9203 0.6891 0.9156 0.6781 0.9078 0.6703 0.9000 0.6672
2 0.9234 0.7141 0.9141 0.7344 0.9141 0.7672 0.9203 0.7766 0.9391 0.7734 0.9578 0.7750 0.9625 0.7703 0.9594 0.7312 0.9563 0.7281 0.9531 0.7172 0.9484 0.7141
2 0.6766 0.5297 0.6687 0.5328 0.6687 0.5375 0.6641 0.5453 0.6656 0.5828 0.6687 0.5859 0.6875 0.5781 0.6969 0.5844 0.7016 0.5828 0.7031 0.5453 0.6984 0.5406 0.6969 0.5344 0.6891 0.5297
2 0.6047 0.6188 0.5984 0.6219 0.5969 0.6281 0.5953 0.6687 0.5984 0.6937 0.6047 0.6875 0.6141 0.6844 0.6219 0.6844 0.6328 0.6922 0.6359 0.6906 0.6375 0.6703 0.6328 0.6422 0.6375 0.6375 0.6281 0.6312 0.6266 0.6219 0.6219 0.6188
1 0.2437 0.5922 0.2406 0.5953 0.2406 0.6016 0.2359 0.6109 0.2359 0.6250 0.2406 0.6297 0.2375 0.6375 0.2406 0.6703 0.2469 0.6703 0.2562 0.6625 0.2703 0.6625 0.2750 0.6687 0.2828 0.6672 0.2828 0.6375 0.2797 0.6250 0.2828 0.6234 0.2844 0.6141 0.2812 0.5984 0.2781 0.5938 0.2719 0.6016 0.2531 0.6031 0.2469 0.5984 0.2469 0.5922
1 0.3344 0.5891 0.3328 0.5953 0.3250 0.6047 0.3250 0.6484 0.3297 0.6516 0.3359 0.6422 0.3500 0.6422 0.3563 0.6500 0.3609 0.6484 0.3609 0.6062 0.3547 0.5984 0.3531 0.5906 0.3359 0.5906
1 0.3656 0.8719 0.3609 0.8750 0.3578 0.8828 0.3484 0.8891 0.3469 0.8953 0.3469 0.9313 0.3422 0.9469 0.3438 0.9781 0.3500 0.9766 0.3500 0.9703 0.3547 0.9656 0.3984 0.9672 0.4062 0.9688 0.4125 0.9750 0.4156 0.9734 0.4172 0.9391 0.4109 0.9219 0.4125 0.8938 0.4047 0.8859 0.4031 0.8781 0.3984 0.8719
1 0.9141 0.7703 0.9109 0.7719 0.9078 0.7875 0.9000 0.7953 0.8828 0.7937 0.8812 0.7969 0.8797 0.8375 0.8828 0.8562 0.8828 0.8938 0.8875 0.9359 0.8906 0.9391 0.9062 0.9391 0.9141 0.9547 0.9187 0.9594 0.9234 0.9578 0.9297 0.9656 0.9344 0.9641 0.9391 0.9531 0.9531 0.9500 0.9641 0.9500 0.9734 0.9547 0.9875 0.9516 0.9938 0.9594 0.9984 0.9609 0.9984 0.8609 0.9938 0.8516 0.9938 0.8438 0.9984 0.8391 0.9984 0.8359 0.9953 0.8344 0.9938 0.8141 0.9875 0.8094 0.9875 0.7937 0.9844 0.7891 0.9828 0.7781 0.9719 0.7734 0.9703 0.7703 0.9672 0.7750 0.9578 0.7766 0.9313 0.7781 0.9187 0.7750
1 0.5563 0.4234 0.5531 0.4266 0.5531 0.4344 0.5578 0.4391 0.5469 0.4500 0.5437 0.4578 0.5437 0.4984 0.5469 0.5156 0.5578 0.5281 0.5703 0.5234 0.5797 0.5266 0.5844 0.5250 0.5875 0.5188 0.5891 0.5031 0.5891 0.4703 0.5922 0.4688 0.5938 0.4734 0.5953 0.4703 0.5953 0.4656 0.5891 0.4609 0.5875 0.4422 0.5797 0.4266 0.5781 0.4250 0.5766 0.4281 0.5766 0.4359 0.5703 0.4391 0.5687 0.4344 0.5719 0.4313 0.5719 0.4250 0.5687 0.4297 0.5594 0.4297 0.5563 0.4266 0.5594 0.4234
1 0.2812 0.3594 0.2641 0.3625 0.2625 0.4047 0.2641 0.4125 0.2687 0.4172 0.2812 0.4141 0.2953 0.4000 0.2953 0.3641 0.2906 0.3594