1 0.4344 0.2391 0.4281 0.2406 0.4203 0.2516 0.4188 0.2781 0.4375 0.2812 0.4484 0.2875 0.4531 0.2938 0.4625 0.2969 0.4656 0.2969 0.4703 0.2844 0.4688 0.2516 0.4422 0.2391
1 0.1734 0.1797 0.1672 0.1828 0.1641 0.1891 0.1656 0.2078 0.1906 0.2125 0.2016 0.2109 0.2078 0.2031 0.2078 0.1859 0.2047 0.1828 0.1844 0.1797
1 0.1750 0.1797 0.1656 0.1844 0.1641 0.2047 0.1719 0.2094 0.1906 0.2125 0.1984 0.2125 0.2062 0.2062 0.2078 0.1859 0.2031 0.1828 0.1828 0.1797
2 0.3891 0.5687 0.3828 0.5734 0.3781 0.5844 0.3781 0.6109 0.3812 0.6188 0.4000 0.6172 0.4031 0.6125 0.4062 0.5922 0.4000 0.5687
2 0.4344 0.3844 0.4281 0.3906 0.4266 0.4172 0.4313 0.4234 0.4422 0.4219 0.4469 0.4156 0.4469 0.3937 0.4453 0.3891 0.4375 0.3844
2 0.5828 0.4328 0.5766 0.4359 0.5719 0.4422 0.5719 0.4734 0.5750 0.4797 0.5797 0.4781 0.5875 0.4813 0.5969 0.4734 0.5984 0.4688 0.5984 0.4516 0.5953 0.4375 0.5875 0.4328
2 0.5859 0.3844 0.5797 0.3906 0.5781 0.4031 0.5813 0.4172 0.5891 0.4234 0.6062 0.4219 0.6062 0.3969 0.6000 0.3844
2 0.5156 0.2906 0.5078 0.2953 0.5062 0.3031 0.5078 0.3094 0.5125 0.3141 0.5219 0.3125 0.5250 0.3063 0.5234 0.2953 0.5188 0.2906
2 0.2984 0.2562 0.2953 0.2625 0.2969 0.2750 0.3063 0.2750 0.3094 0.2703 0.3078 0.2625 0.3031 0.2562
2 0.2797 0.2500 0.2703 0.2562 0.2719 0.2750 0.2797 0.2781 0.2844 0.2781 0.2906 0.2734 0.2906 0.2609 0.2859 0.2500
0 0.4484 0.6047 0.4359 0.6109 0.4219 0.6500 0.4250 0.6594 0.4266 0.6984 0.4375 0.6937 0.4578 0.6937 0.4609 0.6859 0.4641 0.6469 0.4609 0.6406 0.4578 0.6125 0.4547 0.6047