2 0.4188 0.6656 0.4031 0.6813 0.3969 0.7094 0.3937 0.7141 0.3937 0.7625 0.3984 0.7688 0.4266 0.7656 0.4297 0.7609 0.4344 0.7328 0.4344 0.7094 0.4281 0.6656
2 0.4969 0.6641 0.4891 0.6656 0.4813 0.6891 0.4813 0.7125 0.4781 0.7281 0.4781 0.7422 0.4813 0.7484 0.4891 0.7453 0.4938 0.7469 0.5141 0.7422 0.5156 0.6937 0.5125 0.6844 0.5125 0.6656 0.5094 0.6641
2 0.6781 0.8000 0.6625 0.8063 0.6562 0.8219 0.6594 0.8297 0.6594 0.8812 0.6625 0.9156 0.6641 0.9219 0.6687 0.9250 0.6828 0.9172 0.7063 0.9156 0.7125 0.9187 0.7156 0.9062 0.7156 0.8812 0.7078 0.8359 0.7109 0.8172 0.6984 0.8031 0.6891 0.8000
2 0.6984 0.5375 0.6922 0.5391 0.6859 0.5469 0.6891 0.5938 0.6922 0.6062 0.6969 0.6094 0.7000 0.6062 0.7141 0.6047 0.7281 0.6062 0.7312 0.5969 0.7312 0.5813 0.7281 0.5656 0.7234 0.5563 0.7234 0.5422 0.7141 0.5375
2 0.7000 0.5359 0.6937 0.5375 0.6844 0.5469 0.6875 0.5891 0.6937 0.6094 0.7281 0.6062 0.7312 0.6000 0.7312 0.5766 0.7250 0.5578 0.7250 0.5453 0.7203 0.5375 0.7141 0.5359
2 0.4891 0.3750 0.4844 0.3766 0.4813 0.3812 0.4813 0.4125 0.4859 0.4125 0.4938 0.4062 0.5000 0.4062 0.5000 0.3844 0.4969 0.3766 0.4938 0.3750
2 0.5969 0.2750 0.5922 0.2781 0.5891 0.2891 0.5906 0.2984 0.5984 0.3063 0.6062 0.3063 0.6109 0.3016 0.6109 0.2844 0.6047 0.2750
2 0.3937 0.2969 0.3891 0.2984 0.3859 0.3031 0.3859 0.3250 0.3969 0.3250 0.4016 0.3219 0.4016 0.3016 0.3953 0.2969
2 0.4375 0.3141 0.4313 0.3187 0.4297 0.3281 0.4313 0.3500 0.4359 0.3563 0.4516 0.3547 0.4516 0.3375 0.4547 0.3297 0.4500 0.3187 0.4437 0.3141
2 0.3609 0.2188 0.3578 0.2203 0.3563 0.2391 0.3641 0.2422 0.3719 0.2422 0.3734 0.2391 0.3734 0.2234 0.3688 0.2188
1 0.5109 0.2000 0.5000 0.2047 0.4953 0.2203 0.4953 0.2469 0.5125 0.2531 0.5234 0.2625 0.5281 0.2703 0.5422 0.2750 0.5484 0.2625 0.5484 0.2234 0.5469 0.2188 0.5188 0.2000
1 0.2469 0.1141 0.2391 0.1172 0.2375 0.1203 0.2375 0.1406 0.2625 0.1484 0.2750 0.1484 0.2797 0.1437 0.2828 0.1391 0.2828 0.1203 0.2766 0.1172 0.2500 0.1141