2 0.6000 0.5687 0.5969 0.5719 0.5922 0.5875 0.5953 0.6141 0.5984 0.6188 0.6156 0.6203 0.6203 0.6156 0.6203 0.5844 0.6141 0.5719 0.6094 0.5687
2 0.4109 0.4344 0.4047 0.4375 0.3984 0.4531 0.4000 0.4688 0.4031 0.4750 0.4109 0.4797 0.4188 0.4797 0.4266 0.4719 0.4266 0.4422 0.4219 0.4359 0.4156 0.4344
2 0.4062 0.3828 0.3969 0.3844 0.3922 0.3984 0.3922 0.4172 0.3984 0.4203 0.4141 0.4203 0.4172 0.4156 0.4188 0.3891 0.4156 0.3844 0.4078 0.3828
2 0.5578 0.3844 0.5516 0.3937 0.5516 0.4156 0.5547 0.4188 0.5672 0.4188 0.5703 0.4125 0.5719 0.3953 0.5703 0.3891 0.5641 0.3844
2 0.4797 0.2906 0.4750 0.2953 0.4734 0.3016 0.4750 0.3109 0.4797 0.3141 0.4891 0.3125 0.4922 0.3063 0.4906 0.2953 0.4844 0.2906
2 0.7703 0.2203 0.7625 0.2234 0.7609 0.2344 0.7641 0.2375 0.7734 0.2359 0.7750 0.2234 0.7719 0.2219
2 0.8063 0.2219 0.7984 0.2266 0.8000 0.2344 0.8125 0.2344 0.8125 0.2266 0.8109 0.2234 0.8078 0.2234
2 0.7125 0.2516 0.7078 0.2609 0.7078 0.2719 0.7125 0.2781 0.7219 0.2766 0.7281 0.2703 0.7281 0.2578 0.7203 0.2516
2 0.6953 0.2562 0.6891 0.2672 0.6891 0.2719 0.6922 0.2750 0.7016 0.2750 0.7031 0.2609 0.7000 0.2562
1 0.5594 0.2391 0.5297 0.2516 0.5266 0.2766 0.5328 0.2969 0.5453 0.2938 0.5563 0.2828 0.5797 0.2781 0.5781 0.2516 0.5719 0.2406 0.5641 0.2391
1 0.5437 0.6047 0.5406 0.6109 0.5375 0.6438 0.5344 0.6484 0.5375 0.6844 0.5406 0.6937 0.5641 0.6953 0.5672 0.6984 0.5719 0.6984 0.5734 0.6953 0.5734 0.6594 0.5766 0.6500 0.5641 0.6109 0.5531 0.6047
1 0.8156 0.1797 0.7937 0.1828 0.7906 0.1859 0.7906 0.2047 0.7984 0.2125 0.8281 0.2094 0.8344 0.2062 0.8344 0.1875 0.8313 0.1828 0.8250 0.1797
1 0.9406 0.1906 0.9328 0.1922 0.9281 0.1969 0.9266 0.2125 0.9297 0.2156 0.9625 0.2125 0.9703 0.2016 0.9688 0.1922 0.9656 0.1906
1 0.8750 0.1812 0.8672 0.1828 0.8641 0.1859 0.8641 0.2031 0.8734 0.2031 0.8953 0.1969 0.8953 0.1844 0.8906 0.1812