2 0.4578 0.6000 0.4531 0.6031 0.4516 0.6078 0.4500 0.6422 0.4719 0.6406 0.4734 0.6188 0.4703 0.6062 0.4641 0.6000
2 0.3953 0.4859 0.3812 0.4906 0.3781 0.5016 0.3781 0.5203 0.3828 0.5266 0.3984 0.5250 0.4000 0.5031 0.3953 0.4922
2 0.4172 0.4625 0.4156 0.4875 0.4188 0.4891 0.4313 0.4875 0.4328 0.4719 0.4266 0.4625
2 0.3703 0.4609 0.3672 0.4641 0.3656 0.4781 0.3703 0.4828 0.3797 0.4828 0.3844 0.4781 0.3844 0.4672 0.3781 0.4609
2 0.4094 0.4031 0.4031 0.4078 0.4016 0.4141 0.4016 0.4250 0.4094 0.4281 0.4172 0.4266 0.4219 0.4188 0.4219 0.4109 0.4141 0.4031
1 0.1781 0.3656 0.1734 0.3719 0.1766 0.3891 0.2047 0.3969 0.2172 0.3969 0.2188 0.3937 0.2156 0.3719 0.1922 0.3656
1 0.2844 0.3516 0.2750 0.3563 0.2734 0.3781 0.2797 0.3812 0.3094 0.3859 0.3141 0.3891 0.3172 0.3781 0.3156 0.3578 0.2891 0.3516
1 0.6578 0.8531 0.6453 0.8578 0.6391 0.8641 0.6297 0.8656 0.6297 0.8781 0.6328 0.8844 0.6344 0.9344 0.6375 0.9453 0.6375 0.9578 0.6344 0.9625 0.6344 0.9688 0.6375 0.9750 0.6375 0.9906 0.6406 0.9984 0.7047 0.9984 0.7000 0.9859 0.7000 0.9625 0.6937 0.9531 0.6906 0.9406 0.6906 0.9187 0.6891 0.9125 0.6828 0.9094 0.6844 0.9031 0.6797 0.8953 0.6813 0.8859 0.6766 0.8766 0.6828 0.8719 0.6844 0.8672 0.6813 0.8625 0.6750 0.8625 0.6719 0.8562 0.6609 0.8531
1 0.0359 0.3156 0.0328 0.3219 0.0281 0.3219 0.0281 0.3359 0.0500 0.3422 0.0656 0.3406 0.0688 0.3359 0.0703 0.3234 0.0641 0.3172 0.0469 0.3156
1 0.1266 0.3484 0.1266 0.3672 0.1359 0.3719 0.1422 0.3719 0.1453 0.3688 0.1453 0.3547 0.1422 0.3484
1 0.2375 0.3766 0.2313 0.3859 0.2313 0.4000 0.2469 0.4047 0.2625 0.4016 0.2625 0.3891 0.2578 0.3812 0.2500 0.3766