2 0.4891 0.6641 0.4859 0.6672 0.4859 0.6875 0.4828 0.6953 0.4828 0.7359 0.4875 0.7453 0.5000 0.7469 0.5203 0.7453 0.5203 0.6984 0.5172 0.6937 0.5125 0.6703 0.5062 0.6641
2 0.5719 0.6656 0.5656 0.6891 0.5641 0.7328 0.5672 0.7406 0.5687 0.7609 0.5859 0.7688 0.5984 0.7688 0.6047 0.7609 0.6047 0.7156 0.6016 0.7125 0.5984 0.6922 0.5922 0.6781 0.5750 0.6656
2 0.2875 0.5375 0.2750 0.5422 0.2750 0.5594 0.2672 0.5781 0.2672 0.5969 0.2703 0.6047 0.2953 0.6047 0.3016 0.6094 0.3063 0.6062 0.3063 0.5984 0.3094 0.5938 0.3141 0.5500 0.3078 0.5406 0.2922 0.5375
2 0.5047 0.3750 0.5016 0.3766 0.4984 0.3844 0.4969 0.4062 0.4984 0.4109 0.5047 0.4109 0.5078 0.4141 0.5172 0.4141 0.5188 0.4109 0.5172 0.3812 0.5141 0.3766 0.5094 0.3750
2 0.5516 0.3141 0.5437 0.3281 0.5469 0.3359 0.5484 0.3563 0.5641 0.3547 0.5672 0.3500 0.5672 0.3172 0.5625 0.3141
2 0.5984 0.2984 0.5953 0.3125 0.5969 0.3219 0.6016 0.3250 0.6125 0.3250 0.6141 0.3219 0.6125 0.3031 0.6094 0.2984
2 0.3125 0.8000 0.3000 0.8031 0.2875 0.8156 0.2891 0.8484 0.2828 0.8812 0.2828 0.9062 0.2859 0.9156 0.2938 0.9125 0.3016 0.9156 0.3187 0.9156 0.3297 0.9250 0.3328 0.9250 0.3359 0.9203 0.3391 0.8438 0.3438 0.8172 0.3375 0.8125 0.3359 0.8047 0.3203 0.8000
2 0.3937 0.2750 0.3875 0.2828 0.3875 0.3047 0.3922 0.3078 0.4000 0.3078 0.4078 0.3000 0.4094 0.2859 0.4062 0.2781 0.4016 0.2750
2 0.6281 0.2188 0.6250 0.2234 0.6250 0.2391 0.6297 0.2437 0.6391 0.2422 0.6422 0.2391 0.6406 0.2219 0.6375 0.2188
2 0.7828 0.1547 0.7766 0.1609 0.7750 0.1734 0.7891 0.1750 0.7953 0.1703 0.7953 0.1641 0.7922 0.1594 0.7891 0.1562 0.7844 0.1562
1 0.4781 0.2000 0.4500 0.2203 0.4500 0.2609 0.4547 0.2734 0.4703 0.2687 0.4813 0.2562 0.4969 0.2469 0.5016 0.2469 0.5031 0.2437 0.5031 0.2188 0.4984 0.2047 0.4891 0.2000
1 0.7438 0.1141 0.7172 0.1187 0.7156 0.1375 0.7234 0.1484 0.7453 0.1453 0.7578 0.1422 0.7609 0.1391 0.7609 0.1203 0.7578 0.1156 0.7516 0.1141
1 0.7984 0.1156 0.7828 0.1187 0.7797 0.1219 0.7781 0.1437 0.7828 0.1391 0.7859 0.1422 0.7937 0.1422 0.8141 0.1328 0.8141 0.1187 0.8047 0.1156