1 0.3297 0.8531 0.3219 0.8625 0.3172 0.8609 0.3141 0.8656 0.3187 0.8766 0.3187 0.8828 0.3141 0.8875 0.3141 0.9031 0.3078 0.9172 0.3063 0.9453 0.3031 0.9563 0.2984 0.9625 0.2953 0.9984 0.3578 0.9984 0.3594 0.9938 0.3594 0.9734 0.3641 0.9703 0.3641 0.9625 0.3609 0.9594 0.3609 0.9406 0.3656 0.9109 0.3641 0.9078 0.3672 0.8781 0.3703 0.8719 0.3672 0.8641 0.3563 0.8609 0.3531 0.8562 0.3438 0.8531 0.3312 0.8547
1 0.7094 0.3516 0.6859 0.3563 0.6813 0.3594 0.6813 0.3797 0.6844 0.3859 0.7078 0.3828 0.7156 0.3781 0.7219 0.3797 0.7250 0.3766 0.7234 0.3563 0.7141 0.3516
1 0.8078 0.3656 0.7953 0.3672 0.7828 0.3734 0.7797 0.3844 0.7812 0.3969 0.7953 0.3969 0.8219 0.3891 0.8250 0.3719 0.8203 0.3656
1 0.9531 0.3156 0.9344 0.3172 0.9297 0.3203 0.9281 0.3312 0.9297 0.3375 0.9344 0.3422 0.9688 0.3391 0.9719 0.3344 0.9703 0.3219 0.9625 0.3156
1 0.7578 0.3734 0.7391 0.3812 0.7344 0.3953 0.7359 0.4016 0.7422 0.4047 0.7578 0.4047 0.7703 0.4000 0.7672 0.3969 0.7672 0.3828 0.7625 0.3734
2 0.5312 0.6000 0.5250 0.6141 0.5250 0.6359 0.5281 0.6438 0.5312 0.6391 0.5484 0.6391 0.5484 0.6141 0.5469 0.6062 0.5422 0.6000
2 0.6031 0.4859 0.5984 0.5000 0.5984 0.5250 0.6094 0.5281 0.6141 0.5281 0.6203 0.5219 0.6219 0.4938 0.6172 0.4891 0.6078 0.4859
2 0.5719 0.4625 0.5656 0.4703 0.5656 0.4828 0.5703 0.4906 0.5797 0.4906 0.5844 0.4859 0.5813 0.4625
2 0.6203 0.4609 0.6141 0.4656 0.6141 0.4781 0.6188 0.4828 0.6312 0.4813 0.6312 0.4656 0.6281 0.4609
2 0.5859 0.4031 0.5797 0.4062 0.5766 0.4141 0.5781 0.4234 0.5844 0.4281 0.5906 0.4281 0.5953 0.4250 0.5953 0.4078 0.5875 0.4031
2 0.6047 0.4094 0.6047 0.4234 0.6188 0.4156 0.6125 0.4094
2 0.6391 0.3812 0.6328 0.3875 0.6328 0.3937 0.6359 0.3969 0.6453 0.3969 0.6500 0.3937 0.6500 0.3875 0.6422 0.3812
2 0.8562 0.3484 0.8516 0.3609 0.8516 0.3672 0.8547 0.3719 0.8688 0.3703 0.8719 0.3672 0.8719 0.3484