2 0.3172 0.8641 0.3078 0.8688 0.3031 0.8766 0.3000 0.8938 0.2953 0.9000 0.2922 0.9516 0.2938 0.9563 0.2984 0.9563 0.3016 0.9594 0.3203 0.9547 0.3281 0.9563 0.3328 0.9469 0.3453 0.9031 0.3453 0.8875 0.3375 0.8641
2 0.4531 0.5062 0.4469 0.5109 0.4437 0.5234 0.4437 0.5453 0.4469 0.5531 0.4500 0.5547 0.4625 0.5531 0.4656 0.5500 0.4656 0.5172 0.4625 0.5094 0.4562 0.5062
2 0.5344 0.3953 0.5281 0.4000 0.5250 0.4109 0.5266 0.4266 0.5297 0.4313 0.5469 0.4313 0.5484 0.4266 0.5500 0.4078 0.5469 0.4000 0.5406 0.3953
2 0.5375 0.3703 0.5344 0.3766 0.5344 0.3922 0.5437 0.3953 0.5516 0.4062 0.5578 0.4016 0.5594 0.3875 0.5578 0.3797 0.5516 0.3703
2 0.4781 0.3063 0.4734 0.3078 0.4703 0.3125 0.4703 0.3250 0.4734 0.3281 0.4844 0.3266 0.4859 0.3156 0.4844 0.3109 0.4797 0.3078
2 0.3453 0.3187 0.3406 0.3297 0.3406 0.3406 0.3547 0.3406 0.3578 0.3375 0.3563 0.3234 0.3500 0.3187
2 0.2781 0.2734 0.2734 0.2828 0.2766 0.2875 0.2844 0.2906 0.2906 0.2859 0.2906 0.2812 0.2844 0.2734
2 0.2391 0.2719 0.2328 0.2797 0.2359 0.2875 0.2484 0.2859 0.2484 0.2750 0.2437 0.2719
1 0.3094 0.3016 0.3016 0.3078 0.3000 0.3172 0.3016 0.3281 0.3063 0.3312 0.3172 0.3312 0.3219 0.3250 0.3219 0.3172 0.3141 0.3016
1 0.3937 0.2641 0.3844 0.2703 0.3812 0.2906 0.3828 0.2984 0.3953 0.3016 0.4188 0.3125 0.4266 0.3125 0.4313 0.3031 0.4297 0.2750 0.4234 0.2703 0.4031 0.2641
1 0.0719 0.2313 0.0656 0.2344 0.0625 0.2500 0.0750 0.2547 0.0984 0.2578 0.1094 0.2578 0.1078 0.2391 0.1047 0.2344 0.0984 0.2313
1 0.1344 0.2141 0.1313 0.2172 0.1281 0.2281 0.1313 0.2359 0.1578 0.2437 0.1641 0.2437 0.1734 0.2375 0.1734 0.2188 0.1594 0.2141