2 0.7391 0.1984 0.7312 0.2000 0.7266 0.2078 0.7266 0.2391 0.7328 0.2516 0.7578 0.2562 0.7672 0.2547 0.7688 0.2500 0.7672 0.2156 0.7625 0.2125 0.7562 0.2000 0.7406 0.1984
2 0.6687 0.1109 0.6609 0.1125 0.6578 0.1172 0.6531 0.1344 0.6547 0.1531 0.6641 0.1594 0.6813 0.1594 0.6844 0.1547 0.6844 0.1297 0.6781 0.1156 0.6703 0.1125
2 0.6250 0.0969 0.6188 0.1000 0.6156 0.1094 0.6156 0.1219 0.6203 0.1297 0.6375 0.1297 0.6406 0.1250 0.6406 0.1062 0.6375 0.1000 0.6328 0.0969
2 0.6594 0.0703 0.6547 0.0734 0.6516 0.0844 0.6516 0.1016 0.6547 0.1109 0.6750 0.1094 0.6766 0.1062 0.6734 0.0750 0.6641 0.0703
2 0.6578 0.0672 0.6500 0.0875 0.6516 0.1047 0.6547 0.1109 0.6766 0.1078 0.6781 0.1016 0.6844 0.0953 0.6844 0.0875 0.6750 0.0781 0.6750 0.0750 0.6656 0.0672
2 0.6453 0.0266 0.6422 0.0281 0.6375 0.0391 0.6375 0.0625 0.6453 0.0641 0.6531 0.0625 0.6547 0.0484 0.6531 0.0375 0.6484 0.0328 0.6500 0.0281 0.6469 0.0266
2 0.6813 0.0469 0.6766 0.0516 0.6766 0.0719 0.6797 0.0734 0.6875 0.0719 0.6875 0.0469
2 0.3766 0.0750 0.3703 0.0781 0.3656 0.0859 0.3656 0.1047 0.3797 0.1062 0.3891 0.1031 0.3906 0.1000 0.3875 0.0813 0.3828 0.0766 0.3781 0.0766
2 0.4188 0.0641 0.4125 0.0797 0.4141 0.1016 0.4313 0.1016 0.4375 0.0969 0.4375 0.0797 0.4297 0.0641
2 0.4531 0.0359 0.4500 0.0375 0.4453 0.0469 0.4469 0.0672 0.4656 0.0641 0.4656 0.0422 0.4594 0.0359
2 0.4875 0.0422 0.4813 0.0469 0.4813 0.0656 0.4969 0.0641 0.4953 0.0469 0.4906 0.0422
1 0.6953 0.0187 0.6906 0.0234 0.6891 0.0344 0.6891 0.0828 0.6922 0.0875 0.6922 0.1016 0.7016 0.1047 0.7031 0.1187 0.7125 0.1313 0.7375 0.1344 0.7438 0.1344 0.7453 0.1313 0.7469 0.1094 0.7469 0.0781 0.7406 0.0344 0.7266 0.0250 0.7047 0.0187