2 0.1750 0.6516 0.1531 0.6750 0.1422 0.6766 0.1375 0.6797 0.1375 0.6828 0.1453 0.6875 0.1437 0.6969 0.1375 0.7047 0.1234 0.7406 0.1156 0.7531 0.1062 0.7859 0.1062 0.7984 0.1125 0.8063 0.1172 0.8078 0.1578 0.8063 0.1984 0.8094 0.2344 0.8063 0.2391 0.7984 0.2422 0.7828 0.2406 0.7750 0.2453 0.7656 0.2484 0.7469 0.2719 0.6937 0.2719 0.6625 0.2703 0.6578 0.2609 0.6516
2 0.4797 0.3547 0.4656 0.3563 0.4469 0.3641 0.4500 0.3703 0.4484 0.4203 0.4516 0.4328 0.4625 0.4391 0.4828 0.4406 0.4938 0.4500 0.5016 0.4406 0.5062 0.4406 0.5094 0.4437 0.5156 0.4375 0.5297 0.4344 0.5359 0.4281 0.5375 0.4141 0.5328 0.3797 0.5328 0.3719 0.5375 0.3641 0.5188 0.3563 0.5000 0.3547
2 0.4656 0.3531 0.4516 0.3594 0.4469 0.3641 0.4500 0.3719 0.4500 0.4313 0.4656 0.4391 0.4906 0.4406 0.4938 0.4453 0.5016 0.4375 0.5094 0.4391 0.5312 0.4328 0.5359 0.4266 0.5375 0.4141 0.5328 0.3719 0.5391 0.3672 0.5391 0.3641 0.5328 0.3625 0.5250 0.3547 0.5031 0.3531
2 0.3578 0.1922 0.3438 0.1969 0.3375 0.2109 0.3375 0.2469 0.3453 0.2578 0.3594 0.2547 0.3828 0.2547 0.3875 0.2453 0.3906 0.2328 0.3906 0.2188 0.3859 0.2078 0.3859 0.1969 0.3828 0.1938 0.3703 0.1922
2 0.7125 0.2672 0.7031 0.2703 0.7000 0.2750 0.6969 0.2938 0.7031 0.3094 0.7141 0.3172 0.7141 0.3250 0.7172 0.3297 0.7234 0.3344 0.7781 0.3375 0.7844 0.3359 0.7891 0.3250 0.7891 0.3141 0.7812 0.2953 0.7750 0.2906 0.7734 0.2859 0.7594 0.2703 0.7391 0.2672
2 0.6531 0.2234 0.6453 0.2250 0.6406 0.2297 0.6375 0.2391 0.6391 0.2578 0.6469 0.2734 0.6906 0.2734 0.6953 0.2672 0.6953 0.2469 0.6859 0.2344 0.6750 0.2250 0.6594 0.2234
2 0.7469 0.1875 0.7422 0.1891 0.7344 0.2000 0.7359 0.2156 0.7422 0.2172 0.7516 0.2297 0.7797 0.2281 0.7828 0.2313 0.7891 0.2297 0.7922 0.2188 0.7906 0.2109 0.7797 0.1938 0.7719 0.1891 0.7484 0.1875
2 0.6312 0.1625 0.6281 0.1672 0.6281 0.1750 0.6234 0.1750 0.6219 0.1656 0.6188 0.1688 0.6203 0.1734 0.6172 0.1766 0.6172 0.1844 0.6234 0.1875 0.6250 0.2000 0.6531 0.2000 0.6594 0.2031 0.6656 0.2031 0.6687 0.2000 0.6703 0.1859 0.6594 0.1688 0.6484 0.1625
2 0.6062 0.1047 0.5984 0.1078 0.5984 0.1156 0.5938 0.1234 0.5953 0.1344 0.6250 0.1375 0.6266 0.1359 0.6281 0.1187 0.6234 0.1078 0.6078 0.1062
1 0.4062 0.0938 0.4031 0.0953 0.4000 0.1062 0.4000 0.1359 0.4047 0.1469 0.4109 0.1500 0.4297 0.1469 0.4391 0.1484 0.4422 0.1453 0.4469 0.1156 0.4469 0.1031 0.4422 0.0938
1 0.4859 0.0984 0.4766 0.1016 0.4734 0.1062 0.4734 0.1484 0.4766 0.1578 0.4844 0.1609 0.5188 0.1609 0.5250 0.1594 0.5297 0.1531 0.5312 0.1156 0.5281 0.1031 0.5203 0.0984 0.4938 0.0984
1 0.4844 0.0984 0.4750 0.1016 0.4734 0.1047 0.4750 0.1516 0.4781 0.1578 0.5016 0.1594 0.5250 0.1578 0.5281 0.1531 0.5266 0.1219 0.5297 0.1156 0.5297 0.1078 0.5281 0.1031 0.5219 0.0984 0.4953 0.0984