0 0.7406 0.6500 0.7328 0.6516 0.7281 0.6562 0.7250 0.6641 0.7250 0.6891 0.7312 0.7188 0.7375 0.7203 0.7453 0.7406 0.7484 0.7625 0.7469 0.7672 0.7531 0.7703 0.7516 0.7781 0.7562 0.7922 0.7578 0.8094 0.7625 0.8219 0.7703 0.8297 0.7688 0.8172 0.7734 0.8125 0.7781 0.8141 0.7828 0.8109 0.7906 0.8109 0.8031 0.8141 0.8063 0.8109 0.8328 0.8078 0.8828 0.8078 0.8875 0.8063 0.8922 0.8000 0.8938 0.7906 0.8828 0.7531 0.8766 0.7438 0.8688 0.7203 0.8531 0.6891 0.8609 0.6813 0.8562 0.6766 0.8500 0.6766 0.8422 0.6719 0.8313 0.6547 0.8234 0.6500
0 0.5000 0.3547 0.4828 0.3563 0.4609 0.3641 0.4656 0.3734 0.4609 0.4172 0.4656 0.4328 0.4906 0.4422 0.4984 0.4406 0.5047 0.4453 0.5094 0.4406 0.5156 0.4391 0.5344 0.4391 0.5484 0.4313 0.5484 0.3703 0.5516 0.3641 0.5281 0.3547
0 0.2578 0.2672 0.2391 0.2703 0.2172 0.2953 0.2078 0.3172 0.2094 0.3297 0.2156 0.3406 0.2250 0.3359 0.2547 0.3375 0.2781 0.3328 0.2859 0.3219 0.2859 0.3141 0.2969 0.3063 0.3016 0.2969 0.2984 0.2766 0.2953 0.2703 0.2891 0.2672
0 0.2359 0.1875 0.2234 0.1891 0.2172 0.1969 0.2062 0.2172 0.2094 0.2297 0.2125 0.2328 0.2250 0.2266 0.2484 0.2297 0.2516 0.2219 0.2625 0.2156 0.2641 0.2000 0.2609 0.1938 0.2562 0.1891 0.2375 0.1891
0 0.3328 0.2234 0.3219 0.2250 0.3109 0.2359 0.3047 0.2453 0.3016 0.2625 0.3047 0.2703 0.3094 0.2734 0.3172 0.2734 0.3219 0.2703 0.3453 0.2750 0.3500 0.2750 0.3531 0.2719 0.3563 0.2578 0.3609 0.2500 0.3609 0.2391 0.3578 0.2359 0.3563 0.2281 0.3453 0.2234
0 0.3469 0.1641 0.3406 0.1672 0.3297 0.1812 0.3281 0.1953 0.3328 0.2031 0.3453 0.2000 0.3734 0.2000 0.3734 0.1859 0.3766 0.1844 0.3719 0.1828 0.3703 0.1672 0.3672 0.1641
0 0.3922 0.1047 0.3781 0.1062 0.3734 0.1109 0.3688 0.1219 0.3719 0.1375 0.4031 0.1344 0.4078 0.1203 0.4016 0.1203 0.4016 0.1078 0.3937 0.1047
1 0.4766 0.0984 0.4703 0.1031 0.4672 0.1156 0.4672 0.1422 0.4688 0.1531 0.4734 0.1594 0.5172 0.1594 0.5234 0.1531 0.5234 0.1031 0.5203 0.1000 0.4922 0.0984
1 0.5547 0.0938 0.5516 0.1016 0.5547 0.1422 0.5594 0.1484 0.5766 0.1469 0.5828 0.1500 0.5906 0.1484 0.5969 0.1422 0.5984 0.1359 0.5984 0.1062 0.5969 0.0984 0.5922 0.0938
1 0.6109 0.2328 0.6141 0.2578 0.6547 0.2562 0.6578 0.2547 0.6594 0.2484 0.6578 0.2422 0.6375 0.2422 0.6344 0.2453 0.6312 0.2422 0.6188 0.2437 0.6141 0.2359
1 0.6219 0.1922 0.6125 0.1969 0.6125 0.2078 0.6094 0.2125 0.6094 0.2375 0.6141 0.2531 0.6484 0.2562 0.6547 0.2562 0.6594 0.2500 0.6609 0.2125 0.6578 0.2016 0.6500 0.1938 0.6422 0.1922