2 0.0672 0.6906 0.0531 0.6937 0.0359 0.7016 0.0156 0.7172 0.0000 0.7359 0.0000 0.8688 0.0328 0.8609 0.0437 0.8469 0.0453 0.8359 0.0484 0.8313 0.0906 0.7891 0.0984 0.7922 0.1094 0.7828 0.1125 0.7484 0.1109 0.7188 0.0922 0.6953 0.0859 0.6922 0.0688 0.6922
2 0.5859 0.5781 0.5687 0.5813 0.5500 0.6031 0.5484 0.6141 0.5437 0.6188 0.5406 0.6344 0.5437 0.6359 0.5484 0.6312 0.5500 0.6328 0.5516 0.6828 0.5563 0.6891 0.5687 0.6797 0.5875 0.6766 0.5906 0.6766 0.6031 0.6875 0.6078 0.6781 0.6078 0.6656 0.6109 0.6547 0.6125 0.5969 0.6031 0.5875 0.6016 0.5828 0.5891 0.5781
2 0.2938 0.5781 0.2812 0.5891 0.2687 0.6109 0.2687 0.6156 0.2609 0.6312 0.2547 0.6375 0.2562 0.6656 0.2625 0.6781 0.3063 0.6750 0.3156 0.6594 0.3250 0.6531 0.3266 0.6484 0.3359 0.6391 0.3391 0.6328 0.3406 0.6188 0.3391 0.5906 0.3344 0.5828 0.3219 0.5781
2 0.2812 0.5016 0.2734 0.5047 0.2609 0.5156 0.2531 0.5375 0.2422 0.5469 0.2391 0.5531 0.2375 0.5766 0.2406 0.5859 0.2469 0.5906 0.2578 0.5875 0.2766 0.5875 0.3125 0.5594 0.3125 0.5188 0.3063 0.5062 0.2984 0.5016
2 0.3969 0.4938 0.3828 0.5016 0.3828 0.5062 0.3766 0.5141 0.3734 0.5359 0.3766 0.5594 0.3828 0.5641 0.3906 0.5656 0.3969 0.5641 0.3984 0.5578 0.4062 0.5516 0.4109 0.5406 0.4188 0.5344 0.4250 0.5250 0.4234 0.5062 0.4156 0.4938
2 0.5437 0.4484 0.5328 0.4500 0.5281 0.4547 0.5234 0.4766 0.5250 0.4969 0.5516 0.4984 0.5547 0.4953 0.5578 0.4859 0.5578 0.4594 0.5500 0.4500 0.5453 0.4500
2 0.4437 0.4406 0.4391 0.4437 0.4281 0.4688 0.4266 0.4781 0.4313 0.4922 0.4500 0.4922 0.4641 0.4750 0.4688 0.4609 0.4672 0.4516 0.4594 0.4406
2 0.4453 0.4391 0.4375 0.4437 0.4375 0.4500 0.4266 0.4625 0.4266 0.4844 0.4328 0.4922 0.4500 0.4922 0.4703 0.4672 0.4672 0.4500 0.4625 0.4422 0.4562 0.4391
2 0.3969 0.4250 0.3844 0.4391 0.3797 0.4531 0.3828 0.4734 0.3891 0.4734 0.3922 0.4688 0.4000 0.4734 0.4094 0.4719 0.4203 0.4484 0.4203 0.4344 0.4141 0.4250
2 0.3969 0.4250 0.3891 0.4313 0.3797 0.4500 0.3797 0.4656 0.3828 0.4734 0.3875 0.4750 0.4078 0.4750 0.4188 0.4609 0.4219 0.4516 0.4219 0.4406 0.4156 0.4250
2 0.4500 0.3859 0.4437 0.3875 0.4375 0.3984 0.4359 0.4156 0.4391 0.4234 0.4562 0.4234 0.4641 0.4156 0.4656 0.3953 0.4641 0.3906 0.4578 0.3859
2 0.4219 0.3703 0.4156 0.3734 0.4094 0.3891 0.4109 0.4047 0.4188 0.4062 0.4266 0.4047 0.4344 0.3984 0.4344 0.3750 0.4313 0.3703
2 0.4781 0.4094 0.4734 0.4188 0.4734 0.4313 0.4766 0.4359 0.4844 0.4391 0.4891 0.4391 0.4938 0.4344 0.5016 0.4109 0.4828 0.4094
2 0.5719 0.3797 0.5672 0.3844 0.5641 0.3984 0.5672 0.4188 0.5875 0.4172 0.5891 0.3875 0.5844 0.3797
2 0.6500 0.3547 0.6453 0.3688 0.6453 0.3844 0.6531 0.3875 0.6641 0.3859 0.6656 0.3641 0.6609 0.3547
2 0.6234 0.3187 0.6203 0.3234 0.6219 0.3391 0.6328 0.3375 0.6328 0.3187
2 0.6000 0.3156 0.5969 0.3234 0.5984 0.3344 0.6062 0.3344 0.6094 0.3312 0.6062 0.3156
2 0.6484 0.3156 0.6453 0.3312 0.6500 0.3359 0.6578 0.3344 0.6562 0.3156
2 0.5141 0.3719 0.5047 0.3750 0.5000 0.3844 0.5016 0.4000 0.5078 0.4078 0.5125 0.4078 0.5234 0.3922 0.5219 0.3766 0.5172 0.3719
2 0.4734 0.3641 0.4688 0.3703 0.4656 0.3828 0.4688 0.3953 0.4734 0.3969 0.4828 0.3953 0.4859 0.3906 0.4875 0.3719 0.4844 0.3641
2 0.4922 0.3484 0.4859 0.3609 0.4906 0.3766 0.5000 0.3750 0.5047 0.3688 0.5047 0.3578 0.5016 0.3500 0.4984 0.3484
2 0.5375 0.3328 0.5297 0.3453 0.5297 0.3563 0.5312 0.3609 0.5359 0.3641 0.5453 0.3625 0.5500 0.3547 0.5484 0.3375 0.5453 0.3328
2 0.6094 0.2656 0.5969 0.2672 0.5844 0.2750 0.5734 0.2766 0.5578 0.2844 0.5516 0.2906 0.5359 0.2953 0.5266 0.3063 0.5203 0.3063 0.5078 0.3141 0.5047 0.3266 0.5094 0.3328 0.5094 0.3375 0.5281 0.3375 0.5422 0.3234 0.5531 0.3234 0.5641 0.3156 0.5687 0.3156 0.5750 0.3203 0.5875 0.3078 0.5953 0.2938 0.6031 0.2875 0.6062 0.2812 0.6141 0.2828 0.6125 0.2781 0.6172 0.2703 0.6109 0.2656
1 0.3453 0.3766 0.3422 0.3797 0.3281 0.3781 0.3094 0.3797 0.3000 0.3844 0.2938 0.3828 0.2875 0.3891 0.2812 0.3875 0.2719 0.3922 0.2656 0.3984 0.2547 0.4031 0.2516 0.4078 0.2469 0.4078 0.2391 0.4141 0.2313 0.4141 0.2250 0.4172 0.2188 0.4234 0.2188 0.4313 0.2219 0.4344 0.2188 0.4391 0.2203 0.4672 0.2172 0.4703 0.2203 0.4734 0.2125 0.4813 0.2094 0.4797 0.2094 0.4766 0.2062 0.4781 0.2109 0.4813 0.2156 0.4797 0.2172 0.4875 0.2000 0.4938 0.1812 0.4922 0.1719 0.5016 0.1609 0.5078 0.1578 0.5125 0.1578 0.5219 0.1531 0.5266 0.1484 0.5406 0.1500 0.5437 0.1453 0.5516 0.1469 0.5750 0.1531 0.5906 0.1688 0.5859 0.1875 0.5859 0.1969 0.5891 0.2016 0.5844 0.2062 0.5734 0.2234 0.5563 0.2313 0.5547 0.2359 0.5609 0.2391 0.5594 0.2500 0.5328 0.2562 0.5281 0.2641 0.5109 0.2687 0.5062 0.2766 0.5047 0.2766 0.5000 0.2969 0.4984 0.3016 0.4953 0.3063 0.4969 0.3094 0.4938 0.3141 0.4969 0.3219 0.4891 0.3234 0.4703 0.3422 0.4578 0.3469 0.4500 0.3484 0.4219 0.3453 0.4094 0.3453 0.3812
1 0.4703 0.2953 0.4531 0.3016 0.4437 0.3063 0.4422 0.3094 0.4359 0.3453 0.4359 0.3734 0.4391 0.3812 0.4594 0.3781 0.4656 0.3703 0.4656 0.3609 0.4781 0.3516 0.4828 0.3516 0.4844 0.3453 0.4906 0.3375 0.4922 0.3281 0.4906 0.2953