2 0.2953 0.4953 0.2922 0.5078 0.2875 0.5141 0.2859 0.5359 0.2812 0.5469 0.2734 0.5906 0.2766 0.5922 0.2797 0.5828 0.2969 0.5703 0.3156 0.5703 0.3250 0.5750 0.3312 0.5672 0.3328 0.5594 0.3328 0.5125 0.3250 0.5094 0.3219 0.5000 0.3000 0.5016 0.2953 0.4969
2 0.6266 0.8453 0.5781 0.8531 0.5750 0.8562 0.5750 0.8688 0.5687 0.8828 0.5687 0.9328 0.5719 0.9437 0.5766 0.9516 0.5891 0.9563 0.5969 0.9797 0.6062 0.9984 0.7188 0.9984 0.7188 0.9812 0.7141 0.9719 0.7125 0.9516 0.7078 0.9344 0.7031 0.9203 0.6891 0.9000 0.6891 0.8953 0.6750 0.8766 0.6734 0.8688 0.6703 0.8688 0.6531 0.8484 0.6297 0.8453
2 0.7312 0.6438 0.7234 0.6500 0.7234 0.6594 0.7172 0.6734 0.7156 0.7063 0.7312 0.7344 0.7516 0.7547 0.7516 0.7500 0.7547 0.7469 0.7578 0.7484 0.7625 0.7719 0.7719 0.7812 0.7937 0.7766 0.8063 0.7766 0.8141 0.7719 0.8172 0.7562 0.8172 0.7359 0.8141 0.7219 0.8094 0.7172 0.8031 0.6953 0.7937 0.6844 0.7828 0.6641 0.7750 0.6594 0.7734 0.6531 0.7672 0.6500 0.7594 0.6516 0.7547 0.6484 0.7328 0.6438
2 0.9172 0.6641 0.9094 0.6687 0.9094 0.6719 0.8938 0.6937 0.8938 0.7078 0.8891 0.7281 0.8953 0.7484 0.8984 0.7719 0.9062 0.7828 0.9141 0.7828 0.9219 0.7766 0.9313 0.7797 0.9609 0.8094 0.9719 0.8438 0.9781 0.8500 0.9859 0.8531 0.9984 0.8500 0.9984 0.7000 0.9859 0.6891 0.9719 0.6844 0.9656 0.6766 0.9547 0.6734 0.9422 0.6656 0.9328 0.6641
2 0.9281 0.8484 0.9141 0.8562 0.9078 0.8562 0.8969 0.8609 0.8781 0.8750 0.8703 0.8859 0.8688 0.9000 0.8656 0.9062 0.8656 0.9234 0.8766 0.9266 0.8844 0.9344 0.8844 0.9391 0.8906 0.9516 0.9031 0.9656 0.9250 0.9984 0.9984 0.9984 0.9984 0.8828 0.9828 0.8688 0.9797 0.8625 0.9703 0.8578 0.9656 0.8516 0.9531 0.8484
2 0.7375 0.5375 0.7281 0.5422 0.7203 0.5516 0.7188 0.5672 0.7234 0.5938 0.7281 0.5984 0.7359 0.6000 0.7422 0.6047 0.7562 0.6234 0.7781 0.6219 0.7844 0.6266 0.7906 0.6250 0.7969 0.6156 0.7984 0.5953 0.7937 0.5906 0.7859 0.5672 0.7750 0.5484 0.7625 0.5422 0.7516 0.5406 0.7484 0.5375
2 0.9469 0.6203 0.9359 0.6250 0.9156 0.6266 0.9109 0.6312 0.9078 0.6453 0.9109 0.6578 0.9094 0.6656 0.9109 0.6672 0.9219 0.6625 0.9484 0.6656 0.9563 0.6719 0.9656 0.6750 0.9719 0.6828 0.9844 0.6875 0.9969 0.7047 0.9984 0.6438 0.9828 0.6297 0.9703 0.6234 0.9563 0.6203
2 0.5578 0.4469 0.5484 0.4516 0.5484 0.4672 0.5453 0.4719 0.5484 0.4766 0.5484 0.4859 0.5531 0.4891 0.5594 0.5016 0.5625 0.4984 0.5875 0.4969 0.5875 0.4750 0.5797 0.4531 0.5719 0.4484 0.5594 0.4469
2 0.6031 0.4281 0.5906 0.4344 0.5875 0.4562 0.5891 0.4672 0.6062 0.4813 0.6188 0.4813 0.6234 0.4781 0.6234 0.4359 0.6156 0.4281
2 0.5469 0.3906 0.5391 0.3984 0.5375 0.4156 0.5391 0.4203 0.5516 0.4297 0.5672 0.4297 0.5719 0.4234 0.5703 0.4094 0.5625 0.3937 0.5547 0.3906
2 0.4891 0.3766 0.4828 0.3797 0.4813 0.3859 0.4828 0.4031 0.4891 0.4109 0.5031 0.4094 0.5062 0.4047 0.5047 0.3906 0.4984 0.3844 0.4984 0.3797 0.4938 0.3766
2 0.5156 0.3625 0.5094 0.3688 0.5094 0.3891 0.5156 0.3937 0.5266 0.3937 0.5312 0.3875 0.5312 0.3797 0.5266 0.3688 0.5203 0.3625
2 0.5734 0.3766 0.5687 0.3828 0.5672 0.3922 0.5703 0.4047 0.5781 0.4109 0.5969 0.4094 0.5953 0.3922 0.5891 0.3797 0.5813 0.3766
2 0.4203 0.3750 0.4125 0.3844 0.4141 0.4078 0.4188 0.4125 0.4375 0.4109 0.4375 0.3891 0.4328 0.3766 0.4297 0.3750
2 0.3297 0.3781 0.3219 0.3859 0.3203 0.3969 0.3219 0.4188 0.3250 0.4203 0.3422 0.4188 0.3453 0.4141 0.3453 0.3859 0.3375 0.3781
2 0.3688 0.3500 0.3641 0.3641 0.3641 0.3750 0.3672 0.3797 0.3719 0.3812 0.3828 0.3797 0.3844 0.3766 0.3844 0.3609 0.3797 0.3500
2 0.4906 0.3406 0.4859 0.3469 0.4859 0.3563 0.4906 0.3641 0.5031 0.3641 0.5047 0.3531 0.4984 0.3406
2 0.5266 0.3406 0.5203 0.3453 0.5203 0.3578 0.5281 0.3656 0.5375 0.3656 0.5406 0.3609 0.5406 0.3531 0.5359 0.3453 0.5281 0.3406
2 0.4562 0.3406 0.4516 0.3484 0.4516 0.3594 0.4547 0.3656 0.4609 0.3703 0.4656 0.3688 0.4688 0.3641 0.4672 0.3484 0.4609 0.3406
2 0.3406 0.3453 0.3375 0.3469 0.3359 0.3531 0.3375 0.3719 0.3531 0.3703 0.3547 0.3563 0.3484 0.3453
2 0.3453 0.3125 0.3406 0.3219 0.3406 0.3328 0.3531 0.3328 0.3531 0.3172 0.3484 0.3125
2 0.3672 0.3000 0.3672 0.3187 0.3766 0.3172 0.3750 0.3031 0.3719 0.3000
2 0.4078 0.3391 0.4000 0.3422 0.3984 0.3453 0.3984 0.3656 0.4031 0.3688 0.4141 0.3656 0.4156 0.3563 0.4125 0.3438 0.4094 0.3406
1 0.4672 0.3031 0.4625 0.3094 0.4625 0.3344 0.4656 0.3438 0.4703 0.3469 0.4844 0.3453 0.4859 0.3281 0.4844 0.3094 0.4766 0.3047 0.4688 0.3047
1 0.4656 0.3031 0.4609 0.3094 0.4641 0.3141 0.4625 0.3344 0.4656 0.3422 0.4719 0.3469 0.4813 0.3469 0.4844 0.3438 0.4859 0.3266 0.4844 0.3094 0.4734 0.3031