2 0.1500 0.7234 0.1406 0.7281 0.1266 0.7406 0.1000 0.7688 0.0719 0.8125 0.0609 0.8406 0.0563 0.8453 0.0516 0.8641 0.0391 0.8719 0.0328 0.9000 0.0328 0.9203 0.0359 0.9375 0.0453 0.9469 0.0734 0.9469 0.0828 0.9547 0.0984 0.9531 0.1156 0.9375 0.1203 0.9266 0.1266 0.9234 0.1297 0.9187 0.1313 0.9109 0.1391 0.9047 0.1531 0.8812 0.1578 0.8781 0.1656 0.8641 0.1781 0.8500 0.1875 0.8250 0.1891 0.8234 0.1938 0.8266 0.2031 0.8156 0.2047 0.7859 0.2000 0.7703 0.1984 0.7516 0.1844 0.7281 0.1578 0.7234
2 0.0203 0.6500 0.0078 0.6531 0.0047 0.6594 0.0000 0.6625 0.0000 0.7172 0.0031 0.7203 0.0000 0.7219 0.0000 0.8562 0.0125 0.8453 0.0125 0.8391 0.0187 0.8375 0.0328 0.8219 0.0437 0.8141 0.0500 0.8187 0.0563 0.8187 0.0656 0.8141 0.0719 0.8016 0.0797 0.7719 0.0813 0.7469 0.0781 0.7219 0.0734 0.7172 0.0656 0.6984 0.0563 0.6875 0.0563 0.6844 0.0469 0.6859 0.0406 0.6828 0.0359 0.6766 0.0406 0.6703 0.0453 0.6719 0.0516 0.6672 0.0547 0.6687 0.0516 0.6547 0.0375 0.6500
2 0.3141 0.5625 0.2938 0.5766 0.2797 0.5953 0.2766 0.6047 0.2719 0.6094 0.2687 0.6281 0.2609 0.6438 0.2625 0.6813 0.2969 0.6859 0.3031 0.6844 0.3109 0.6766 0.3125 0.6687 0.3297 0.6469 0.3391 0.6391 0.3453 0.6281 0.3422 0.5750 0.3359 0.5656 0.3234 0.5625
2 0.2109 0.4984 0.1938 0.5047 0.1812 0.5141 0.1766 0.5203 0.1750 0.5281 0.1688 0.5328 0.1688 0.5391 0.1609 0.5500 0.1562 0.5625 0.1562 0.5813 0.1641 0.5953 0.2062 0.5922 0.2094 0.5906 0.2156 0.5766 0.2203 0.5719 0.2359 0.5672 0.2406 0.5609 0.2406 0.5156 0.2313 0.4984
2 0.3297 0.4813 0.3266 0.4844 0.3156 0.4859 0.3063 0.4844 0.3000 0.4891 0.2781 0.5312 0.2797 0.5469 0.2844 0.5578 0.3125 0.5563 0.3172 0.5594 0.3312 0.5422 0.3375 0.5406 0.3422 0.5297 0.3422 0.5078 0.3391 0.4859 0.3359 0.4813
2 0.4047 0.4781 0.3937 0.4953 0.3922 0.5094 0.3875 0.5172 0.3891 0.5375 0.3922 0.5406 0.4109 0.5422 0.4188 0.5328 0.4172 0.5281 0.4250 0.5172 0.4250 0.5047 0.4281 0.5000 0.4172 0.5031 0.4062 0.5031 0.3984 0.5000 0.3969 0.4922 0.4031 0.4859 0.4062 0.4859 0.4062 0.4797
2 0.3047 0.4500 0.2906 0.4562 0.2781 0.4813 0.2766 0.4984 0.2797 0.5062 0.2906 0.5047 0.2969 0.4922 0.3063 0.4844 0.3266 0.4797 0.3266 0.4562 0.3187 0.4516 0.3094 0.4500
2 0.4437 0.4234 0.4375 0.4313 0.4375 0.4375 0.4266 0.4500 0.4250 0.4625 0.4328 0.4734 0.4344 0.4813 0.4547 0.4797 0.4672 0.4625 0.4672 0.4391 0.4641 0.4266 0.4609 0.4234
2 0.3953 0.4188 0.3906 0.4203 0.3797 0.4344 0.3797 0.4656 0.4062 0.4656 0.4172 0.4547 0.4172 0.4250 0.4109 0.4203 0.3969 0.4203
2 0.4781 0.4000 0.4719 0.4031 0.4688 0.4109 0.4672 0.4328 0.4688 0.4391 0.4719 0.4406 0.4875 0.4406 0.4953 0.4313 0.4938 0.4094 0.4875 0.4000
2 0.4547 0.3859 0.4422 0.3984 0.4391 0.4078 0.4422 0.4219 0.4625 0.4203 0.4641 0.4094 0.4688 0.4031 0.4688 0.3969 0.4641 0.3953 0.4672 0.3922 0.4656 0.3859
2 0.4031 0.3875 0.4000 0.3969 0.3937 0.4047 0.3922 0.4156 0.3937 0.4188 0.4094 0.4188 0.4141 0.4219 0.4234 0.4188 0.4250 0.4156 0.4250 0.3984 0.4234 0.3937 0.4188 0.3953 0.4156 0.3922 0.4219 0.3875 0.4156 0.3875 0.4125 0.3922 0.4062 0.3875
2 0.5781 0.3609 0.5719 0.3734 0.5719 0.3906 0.5750 0.3937 0.5875 0.3937 0.5922 0.3891 0.5938 0.3703 0.5875 0.3609
2 0.6562 0.3609 0.6516 0.3641 0.6484 0.3719 0.6484 0.3937 0.6531 0.3969 0.6687 0.3953 0.6703 0.3797 0.6656 0.3609
2 0.6156 0.3516 0.6109 0.3656 0.6141 0.3828 0.6266 0.3828 0.6297 0.3797 0.6312 0.3578 0.6266 0.3516
2 0.5328 0.4500 0.5266 0.4547 0.5250 0.4594 0.5234 0.4813 0.5203 0.4859 0.5203 0.5000 0.5234 0.5047 0.5297 0.5047 0.5328 0.5000 0.5422 0.5000 0.5516 0.5062 0.5563 0.4969 0.5578 0.4688 0.5563 0.4594 0.5484 0.4500
2 0.6687 0.5563 0.6656 0.5578 0.6625 0.5703 0.6578 0.5766 0.6578 0.6438 0.6609 0.6875 0.6641 0.6969 0.6687 0.6969 0.6734 0.6922 0.6859 0.6922 0.6922 0.6953 0.7125 0.6937 0.7234 0.6969 0.7281 0.6844 0.7297 0.6219 0.7266 0.5828 0.7203 0.5734 0.7203 0.5672 0.7125 0.5594 0.7016 0.5563
2 0.5141 0.3703 0.5078 0.3734 0.5031 0.3828 0.5031 0.4000 0.5047 0.4031 0.5125 0.4047 0.5172 0.4031 0.5219 0.3969 0.5250 0.3875 0.5234 0.3734 0.5172 0.3703
2 0.4781 0.3719 0.4750 0.3766 0.4688 0.3766 0.4641 0.3844 0.4734 0.4000 0.4813 0.3984 0.4891 0.3922 0.4875 0.3781 0.4844 0.3734 0.4797 0.3719
2 0.4750 0.3359 0.4688 0.3406 0.4688 0.3438 0.4641 0.3484 0.4516 0.3484 0.4453 0.3547 0.4422 0.3656 0.4437 0.3797 0.4516 0.3781 0.4516 0.3750 0.4469 0.3734 0.4453 0.3688 0.4562 0.3625 0.4656 0.3625 0.4703 0.3656 0.4859 0.3641 0.4875 0.3484 0.4813 0.3359
2 0.5375 0.3438 0.5312 0.3469 0.5266 0.3609 0.5281 0.3703 0.5328 0.3734 0.5359 0.3734 0.5406 0.3688 0.5453 0.3578 0.5453 0.3516 0.5406 0.3438
2 0.5109 0.3391 0.5078 0.3406 0.5016 0.3531 0.5031 0.3641 0.5062 0.3656 0.5156 0.3656 0.5203 0.3578 0.5219 0.3453 0.5156 0.3391
2 0.6000 0.3141 0.5969 0.3172 0.5953 0.3281 0.5969 0.3375 0.6094 0.3359 0.6094 0.3203 0.6047 0.3141
2 0.6234 0.3156 0.6203 0.3187 0.6203 0.3344 0.6312 0.3328 0.6312 0.3172 0.6266 0.3156
2 0.6484 0.3172 0.6453 0.3297 0.6469 0.3391 0.6594 0.3375 0.6578 0.3172
2 0.5938 0.2687 0.5906 0.2734 0.5781 0.2734 0.5656 0.2781 0.5547 0.2891 0.5219 0.3078 0.5141 0.3094 0.5031 0.3219 0.5031 0.3297 0.5094 0.3359 0.5188 0.3312 0.5234 0.3312 0.5266 0.3344 0.5406 0.3328 0.5437 0.3359 0.5469 0.3484 0.5578 0.3469 0.5734 0.3312 0.5766 0.3250 0.5750 0.3219 0.5828 0.3109 0.5969 0.2953 0.5969 0.2922 0.6047 0.2859 0.6062 0.2812 0.6125 0.2781 0.6125 0.2687 0.6062 0.2719 0.5969 0.2687
2 0.5938 0.2687 0.5844 0.2750 0.5719 0.2750 0.5656 0.2781 0.5531 0.2906 0.5406 0.2953 0.5219 0.3078 0.5141 0.3094 0.5047 0.3187 0.5031 0.3250 0.5094 0.3375 0.5188 0.3328 0.5281 0.3359 0.5422 0.3344 0.5453 0.3375 0.5453 0.3469 0.5484 0.3500 0.5609 0.3453 0.5766 0.3281 0.5766 0.3203 0.5938 0.3000 0.5969 0.2922 0.6031 0.2875 0.6031 0.2828 0.6125 0.2766 0.6109 0.2687 0.6062 0.2766 0.5953 0.2687