2 0.6500 0.5391 0.6469 0.6047 0.6484 0.6203 0.6531 0.6266 0.6594 0.6203 0.6703 0.6203 0.6797 0.6234 0.6828 0.6219 0.6891 0.6062 0.6891 0.5953 0.6750 0.5641 0.6609 0.5422 0.6547 0.5391
2 0.8172 0.5953 0.8125 0.5969 0.8094 0.6031 0.8031 0.5984 0.7937 0.5969 0.7859 0.6047 0.7812 0.6266 0.7812 0.6484 0.7844 0.6656 0.7891 0.6734 0.7984 0.6734 0.8109 0.6828 0.8125 0.6875 0.8234 0.6984 0.8297 0.7156 0.8766 0.7188 0.8828 0.7188 0.8859 0.7156 0.8906 0.7016 0.8906 0.6813 0.8875 0.6734 0.8734 0.6562 0.8719 0.6453 0.8562 0.6219 0.8406 0.6062 0.8187 0.5953
2 0.9062 0.8281 0.8828 0.8359 0.8766 0.8438 0.8750 0.8844 0.8828 0.9281 0.8875 0.9391 0.8953 0.9469 0.9016 0.9453 0.9156 0.9563 0.9187 0.9531 0.9234 0.9578 0.9234 0.9625 0.9266 0.9656 0.9187 0.9703 0.9297 0.9797 0.9344 0.9875 0.9391 0.9859 0.9437 0.9906 0.9500 0.9922 0.9563 0.9844 0.9594 0.9844 0.9641 0.9875 0.9656 0.9922 0.9688 0.9922 0.9672 0.9859 0.9703 0.9844 0.9719 0.9984 0.9984 0.9984 0.9984 0.8562 0.9812 0.8469 0.9734 0.8391 0.9703 0.8313 0.9469 0.8328 0.9141 0.8281
2 0.7281 0.4719 0.7219 0.4813 0.7203 0.4891 0.7203 0.5141 0.7234 0.5266 0.7297 0.5312 0.7359 0.5312 0.7516 0.5469 0.7703 0.5453 0.7797 0.5484 0.7844 0.5484 0.7891 0.5422 0.7891 0.5203 0.7859 0.5109 0.7766 0.5047 0.7766 0.5016 0.7688 0.4953 0.7672 0.4891 0.7625 0.4844 0.7344 0.4719
2 0.4531 0.4500 0.4469 0.4531 0.4406 0.4625 0.4422 0.5016 0.4500 0.5109 0.4625 0.5078 0.4766 0.5125 0.4797 0.5094 0.4813 0.5016 0.4813 0.4813 0.4750 0.4562 0.4672 0.4500
2 0.3969 0.4672 0.3875 0.4688 0.3844 0.4719 0.3844 0.4766 0.3812 0.4781 0.3844 0.4875 0.3844 0.5031 0.3891 0.5031 0.3922 0.5062 0.3937 0.5031 0.4000 0.5062 0.4078 0.5000 0.4125 0.5016 0.4125 0.4813 0.4094 0.4703 0.4062 0.4672
2 0.3797 0.3750 0.3750 0.3766 0.3719 0.3828 0.3703 0.3969 0.3734 0.4141 0.3922 0.4141 0.3984 0.4047 0.3937 0.3812 0.3891 0.3750
2 0.3359 0.3750 0.3297 0.3766 0.3250 0.3828 0.3250 0.4047 0.3297 0.4109 0.3469 0.4078 0.3484 0.4000 0.3453 0.3781 0.3375 0.3750
2 0.5437 0.4359 0.5359 0.4500 0.5359 0.4688 0.5516 0.4922 0.5578 0.4891 0.5750 0.4922 0.5797 0.4813 0.5797 0.4703 0.5672 0.4406 0.5641 0.4375 0.5547 0.4359
2 0.5563 0.3875 0.5500 0.3953 0.5469 0.4266 0.5516 0.4344 0.5594 0.4344 0.5703 0.4437 0.5750 0.4406 0.5828 0.4422 0.5875 0.4250 0.5766 0.3953 0.5719 0.3906 0.5641 0.3906 0.5594 0.3875
2 0.5141 0.3984 0.5047 0.4000 0.5031 0.4031 0.5016 0.4250 0.5125 0.4453 0.5188 0.4469 0.5281 0.4453 0.5344 0.4359 0.5344 0.4250 0.5297 0.4109 0.5250 0.4031 0.5188 0.3984
2 0.5594 0.3609 0.5563 0.3672 0.5563 0.3781 0.5594 0.3812 0.5703 0.3844 0.5844 0.4047 0.5906 0.4016 0.5922 0.3891 0.5844 0.3672 0.5750 0.3609
2 0.4781 0.3672 0.4734 0.3703 0.4719 0.3844 0.4750 0.3937 0.4813 0.4000 0.4906 0.4000 0.4938 0.3891 0.4875 0.3703 0.4828 0.3672
2 0.5234 0.3484 0.5188 0.3531 0.5172 0.3625 0.5172 0.3891 0.5281 0.4047 0.5406 0.4047 0.5484 0.3875 0.5484 0.3656 0.5422 0.3563 0.5422 0.3516 0.5375 0.3484
2 0.3719 0.3391 0.3672 0.3406 0.3641 0.3453 0.3641 0.3594 0.3672 0.3641 0.3797 0.3625 0.3812 0.3484 0.3766 0.3391
2 0.3953 0.3172 0.3875 0.3219 0.3937 0.3438 0.4062 0.3422 0.4047 0.3234 0.4000 0.3172
2 0.5047 0.3391 0.4969 0.3406 0.4938 0.3547 0.4953 0.3719 0.5031 0.3781 0.5141 0.3766 0.5172 0.3484 0.5109 0.3406 0.5062 0.3406
2 0.4422 0.3266 0.4375 0.3328 0.4375 0.3406 0.4437 0.3500 0.4500 0.3500 0.4547 0.3406 0.4516 0.3312 0.4453 0.3266
2 0.4969 0.3031 0.4938 0.3094 0.4969 0.3375 0.5000 0.3344 0.5156 0.3328 0.5172 0.3125 0.5125 0.3063 0.5047 0.3031
2 0.3484 0.2969 0.3438 0.3031 0.3438 0.3172 0.3531 0.3172 0.3516 0.3000
1 0.3922 0.5141 0.3828 0.5172 0.3797 0.5234 0.3781 0.5375 0.3797 0.5531 0.3750 0.5781 0.3750 0.6109 0.3797 0.6375 0.3844 0.6328 0.3875 0.6344 0.3984 0.6312 0.4156 0.6312 0.4234 0.6328 0.4266 0.6359 0.4313 0.6328 0.4344 0.6078 0.4328 0.5531 0.4297 0.5484 0.4297 0.5406 0.4234 0.5234 0.4203 0.5172 0.4141 0.5141