2 0.3187 0.5531 0.3094 0.5547 0.3016 0.5687 0.3016 0.5828 0.2984 0.5922 0.2984 0.6281 0.3016 0.6344 0.3203 0.6297 0.3406 0.6297 0.3453 0.6250 0.3469 0.5813 0.3453 0.5703 0.3359 0.5531
2 0.3953 0.5266 0.3875 0.5359 0.3859 0.5484 0.3844 0.5875 0.3875 0.5969 0.3984 0.5938 0.4313 0.5938 0.4297 0.5500 0.4234 0.5391 0.4219 0.5297 0.4172 0.5266
2 0.5094 0.6266 0.4938 0.6375 0.4906 0.6562 0.4922 0.6813 0.5016 0.7031 0.5031 0.7156 0.5109 0.7281 0.5219 0.7281 0.5297 0.7250 0.5563 0.7266 0.5625 0.7250 0.5656 0.7203 0.5687 0.7016 0.5672 0.6719 0.5641 0.6672 0.5625 0.6547 0.5547 0.6391 0.5437 0.6266
2 0.7625 0.6906 0.7500 0.6953 0.7422 0.7047 0.7391 0.7438 0.7438 0.7531 0.7438 0.7594 0.7469 0.7625 0.7453 0.7672 0.7484 0.7672 0.7500 0.7609 0.7531 0.7641 0.7516 0.7656 0.7625 0.7781 0.7625 0.7828 0.7797 0.8016 0.7828 0.8094 0.7859 0.8094 0.7922 0.8156 0.7984 0.8328 0.8125 0.8484 0.8313 0.8594 0.8516 0.8578 0.8688 0.8516 0.8734 0.8422 0.8750 0.8141 0.8719 0.8094 0.8672 0.7844 0.8484 0.7547 0.8484 0.7422 0.8406 0.7359 0.8281 0.7125 0.8125 0.6969 0.8047 0.6922 0.7953 0.6906
2 0.8484 0.6328 0.8328 0.6406 0.8266 0.6516 0.8250 0.6891 0.8281 0.7078 0.8375 0.7172 0.8516 0.7188 0.8766 0.7438 0.8828 0.7594 0.8953 0.7766 0.9062 0.7766 0.9141 0.7719 0.9266 0.7703 0.9406 0.7734 0.9547 0.7719 0.9625 0.7609 0.9641 0.7312 0.9578 0.7125 0.9344 0.6844 0.9250 0.6672 0.8969 0.6516 0.8859 0.6484 0.8828 0.6438 0.8891 0.6391 0.8828 0.6344 0.8719 0.6328
2 0.8453 0.5437 0.8375 0.5484 0.8313 0.5609 0.8297 0.5766 0.8313 0.6000 0.8344 0.6094 0.8438 0.6125 0.8641 0.6266 0.8703 0.6266 0.8938 0.6359 0.9109 0.6484 0.9219 0.6469 0.9266 0.6391 0.9281 0.6188 0.9250 0.6094 0.9156 0.5938 0.8953 0.5719 0.8938 0.5641 0.8812 0.5531 0.8609 0.5437
2 0.7312 0.5281 0.7234 0.5328 0.7172 0.5469 0.7172 0.5906 0.7219 0.6000 0.7281 0.6000 0.7406 0.6078 0.7469 0.6234 0.7547 0.6297 0.7641 0.6250 0.7812 0.6250 0.7875 0.6281 0.7937 0.6266 0.8016 0.6141 0.8016 0.5953 0.7984 0.5859 0.7859 0.5734 0.7844 0.5594 0.7750 0.5437 0.7625 0.5359 0.7516 0.5344 0.7453 0.5281 0.7359 0.5281
2 0.6500 0.5328 0.6500 0.5906 0.6469 0.6109 0.6516 0.6266 0.6656 0.6438 0.6781 0.6391 0.6969 0.6391 0.7000 0.6328 0.7016 0.6188 0.7000 0.6031 0.6969 0.5938 0.6891 0.5828 0.6891 0.5750 0.6844 0.5687 0.6828 0.5609 0.6719 0.5469 0.6531 0.5328
2 0.6516 0.4719 0.6516 0.5281 0.6609 0.5312 0.6719 0.5422 0.6844 0.5422 0.6922 0.5469 0.6969 0.5469 0.7000 0.5406 0.7016 0.5156 0.6969 0.5047 0.6953 0.4922 0.6797 0.4750 0.6734 0.4719
2 0.7078 0.4547 0.7016 0.4641 0.7000 0.4859 0.7031 0.4891 0.7031 0.4984 0.7078 0.5031 0.7156 0.4938 0.7172 0.4953 0.7172 0.5094 0.7234 0.5234 0.7422 0.5203 0.7547 0.5234 0.7578 0.5156 0.7578 0.4938 0.7359 0.4656 0.7094 0.4562
2 0.5750 0.4750 0.5687 0.4766 0.5641 0.4828 0.5641 0.5125 0.5734 0.5219 0.5813 0.5359 0.6094 0.5344 0.6109 0.5312 0.6094 0.5047 0.6062 0.5016 0.6016 0.4859 0.5906 0.4750
2 0.5359 0.4250 0.5281 0.4297 0.5250 0.4500 0.5281 0.4609 0.5344 0.4672 0.5375 0.4797 0.5437 0.4844 0.5641 0.4813 0.5672 0.4688 0.5656 0.4531 0.5609 0.4391 0.5469 0.4250
2 0.5734 0.4078 0.5687 0.4094 0.5641 0.4156 0.5625 0.4266 0.5641 0.4406 0.5734 0.4500 0.5938 0.4484 0.5969 0.4391 0.5953 0.4266 0.5875 0.4078
2 0.5406 0.3734 0.5344 0.3750 0.5281 0.3828 0.5281 0.4016 0.5359 0.4094 0.5453 0.4109 0.5563 0.4094 0.5563 0.3922 0.5484 0.3766 0.5437 0.3734
2 0.4734 0.3688 0.4703 0.3797 0.4719 0.3875 0.4813 0.4031 0.4844 0.4047 0.4953 0.4031 0.4953 0.3812 0.4891 0.3750 0.4891 0.3703 0.4844 0.3688 0.4844 0.3719 0.4797 0.3734 0.4750 0.3688
2 0.4062 0.3563 0.4000 0.3641 0.4000 0.3750 0.4031 0.3844 0.4188 0.3844 0.4203 0.3812 0.4219 0.3719 0.4156 0.3563
2 0.4500 0.4422 0.4391 0.4437 0.4328 0.4547 0.4328 0.4750 0.4359 0.4875 0.4422 0.4922 0.4500 0.4891 0.4641 0.4906 0.4656 0.4875 0.4672 0.4656 0.4641 0.4531 0.4578 0.4437 0.4516 0.4437
2 0.3297 0.3469 0.3250 0.3516 0.3250 0.3766 0.3281 0.3844 0.3359 0.3844 0.3453 0.3797 0.3453 0.3531 0.3406 0.3469
2 0.3672 0.3281 0.3625 0.3328 0.3641 0.3516 0.3781 0.3500 0.3797 0.3375 0.3734 0.3281
2 0.5797 0.3781 0.5750 0.3875 0.5750 0.4031 0.5797 0.3984 0.5813 0.4047 0.5844 0.4047 0.5906 0.4109 0.5938 0.4188 0.6047 0.4188 0.6062 0.4000 0.6000 0.3844 0.5953 0.3797 0.5859 0.3781
2 0.5484 0.3578 0.5469 0.3703 0.5516 0.3750 0.5563 0.3875 0.5609 0.3875 0.5656 0.3922 0.5719 0.3844 0.5719 0.3781 0.5641 0.3609 0.5578 0.3578
2 0.5172 0.3531 0.5062 0.3547 0.5016 0.3609 0.5000 0.3688 0.5047 0.3844 0.5094 0.3875 0.5172 0.3875 0.5234 0.3844 0.5250 0.3750 0.5219 0.3578 0.5188 0.3547
2 0.3984 0.2750 0.3953 0.2859 0.4219 0.3172 0.4234 0.3250 0.4297 0.3281 0.4313 0.3344 0.4391 0.3422 0.4391 0.3453 0.4656 0.3750 0.4734 0.3656 0.4922 0.3656 0.4969 0.3625 0.5031 0.3563 0.5031 0.3453 0.5062 0.3422 0.5188 0.3422 0.5125 0.3281 0.4969 0.3250 0.4906 0.3187 0.4813 0.3203 0.4781 0.3109 0.4719 0.3031 0.4594 0.3000 0.4500 0.2891 0.4469 0.2891 0.4422 0.2844 0.4406 0.2750 0.4344 0.2750 0.4313 0.2781 0.4016 0.2750
2 0.3859 0.3047 0.3844 0.3063 0.3875 0.3203 0.3953 0.3187 0.3953 0.3063 0.3922 0.3047
2 0.3641 0.2984 0.3609 0.3172 0.3672 0.3203 0.3719 0.3141 0.3719 0.3016 0.3656 0.3000