2 0.3125 0.6000 0.2984 0.6016 0.2953 0.6047 0.2844 0.6062 0.2750 0.6109 0.2687 0.6188 0.2609 0.6391 0.2469 0.6625 0.2453 0.6766 0.2422 0.6813 0.2469 0.7047 0.2531 0.7094 0.2703 0.7109 0.2828 0.7094 0.2922 0.7016 0.3000 0.6844 0.3141 0.6734 0.3141 0.6687 0.3344 0.6469 0.3375 0.6391 0.3359 0.6109 0.3281 0.6016 0.3203 0.6000
2 0.1688 0.5813 0.1406 0.5984 0.1297 0.6094 0.1250 0.6234 0.1172 0.6312 0.1141 0.6453 0.1031 0.6562 0.0953 0.6781 0.0953 0.6937 0.0984 0.7078 0.1062 0.7172 0.1141 0.7156 0.1187 0.7109 0.1250 0.7109 0.1375 0.7141 0.1437 0.7125 0.1547 0.7203 0.1609 0.7172 0.1688 0.6937 0.1828 0.6797 0.1875 0.6766 0.2016 0.6781 0.2062 0.6734 0.2109 0.6609 0.2094 0.6516 0.2156 0.6422 0.2125 0.6406 0.2141 0.6266 0.2109 0.6062 0.2047 0.5922 0.1953 0.5828 0.1781 0.5813
2 0.2422 0.4750 0.2203 0.4891 0.2141 0.5047 0.2000 0.5250 0.2000 0.5422 0.2078 0.5547 0.2203 0.5500 0.2406 0.5516 0.2547 0.5344 0.2672 0.5312 0.2703 0.5234 0.2719 0.5047 0.2703 0.4922 0.2625 0.4766 0.2594 0.4750
2 0.4047 0.4813 0.3969 0.4828 0.3891 0.4891 0.3812 0.5031 0.3750 0.5219 0.3750 0.5594 0.3766 0.5641 0.3812 0.5672 0.3969 0.5641 0.4031 0.5578 0.4109 0.5437 0.4156 0.5266 0.4234 0.5266 0.4281 0.5203 0.4266 0.4938 0.4234 0.4844 0.4172 0.4813
2 0.4656 0.4234 0.4562 0.4250 0.4484 0.4375 0.4453 0.4469 0.4469 0.4719 0.4625 0.4734 0.4703 0.4641 0.4750 0.4531 0.4781 0.4516 0.4781 0.4297 0.4734 0.4250 0.4672 0.4250
2 0.4250 0.4094 0.4188 0.4109 0.4141 0.4172 0.4094 0.4359 0.4109 0.4516 0.4234 0.4547 0.4375 0.4516 0.4453 0.4391 0.4453 0.4188 0.4375 0.4094
2 0.4500 0.3828 0.4422 0.3875 0.4422 0.3922 0.4375 0.4000 0.4375 0.4062 0.4484 0.4219 0.4594 0.4203 0.4656 0.4141 0.4641 0.3937 0.4562 0.3859 0.4531 0.3859
2 0.6062 0.3922 0.6016 0.3969 0.6000 0.4078 0.6000 0.4344 0.6031 0.4359 0.6219 0.4359 0.6250 0.4313 0.6250 0.3984 0.6188 0.3922 0.6094 0.3922
2 0.6406 0.3422 0.6359 0.3516 0.6375 0.3703 0.6500 0.3703 0.6531 0.3672 0.6547 0.3563 0.6500 0.3422
2 0.5094 0.3734 0.5062 0.3750 0.5000 0.3906 0.5000 0.4016 0.5047 0.4062 0.5141 0.4047 0.5234 0.3906 0.5203 0.3734
2 0.4719 0.3641 0.4641 0.3688 0.4594 0.3797 0.4672 0.3953 0.4703 0.3969 0.4781 0.3969 0.4859 0.3906 0.4844 0.3719 0.4766 0.3641
2 0.5016 0.3406 0.4953 0.3469 0.4922 0.3547 0.4938 0.3719 0.5031 0.3719 0.5109 0.3672 0.5109 0.3500 0.5062 0.3406
2 0.5312 0.3484 0.5250 0.3563 0.5234 0.3625 0.5234 0.3734 0.5266 0.3781 0.5344 0.3781 0.5406 0.3734 0.5437 0.3563 0.5391 0.3484
2 0.5506 0.3450 0.5121 0.3250 0.5598 0.2788 0.5906 0.2834
1 0.5906 0.6125 0.5563 0.6156 0.5531 0.6219 0.5547 0.6281 0.5453 0.6344 0.5469 0.6484 0.5437 0.6562 0.5437 0.6687 0.5359 0.7047 0.5359 0.7594 0.5375 0.7672 0.5437 0.7750 0.5484 0.7688 0.6016 0.7703 0.6109 0.7750 0.6109 0.7625 0.6141 0.7516 0.6125 0.7266 0.6156 0.7094 0.6141 0.6359 0.6031 0.6141 0.5922 0.6125
1 0.4859 0.3094 0.4813 0.3141 0.4781 0.3328 0.4781 0.3484 0.4813 0.3500 0.4906 0.3500 0.4984 0.3375 0.5016 0.3234 0.5000 0.3141 0.4953 0.3094
1 0.5687 0.3719 0.5609 0.3781 0.5563 0.3937 0.5563 0.4234 0.5594 0.4313 0.5797 0.4297 0.5859 0.4141 0.5813 0.3812 0.5766 0.3750 0.5703 0.3719
1 0.3135 0.5145 0.3135 0.4067 0.3812 0.3712 0.4012 0.4405 0.3982 0.4775 0.3551 0.5330