2 0.2047 0.7250 0.2000 0.7281 0.1922 0.7281 0.1844 0.7328 0.1797 0.7328 0.1703 0.7375 0.1688 0.7406 0.1641 0.7406 0.1469 0.7531 0.1297 0.7750 0.1281 0.7828 0.1203 0.7906 0.1109 0.8063 0.1125 0.8156 0.0984 0.8359 0.0969 0.8484 0.0922 0.8531 0.0922 0.8750 0.0953 0.8891 0.0984 0.8953 0.1062 0.9016 0.1187 0.9031 0.1281 0.9078 0.1313 0.9078 0.1531 0.8844 0.1719 0.8547 0.1812 0.8453 0.1844 0.8375 0.1969 0.8250 0.2016 0.8141 0.2094 0.8078 0.2203 0.7891 0.2250 0.7859 0.2281 0.7797 0.2328 0.7781 0.2391 0.7672 0.2391 0.7422 0.2359 0.7328 0.2266 0.7266 0.2062 0.7250
2 0.7031 0.8094 0.6891 0.8141 0.6844 0.8219 0.6828 0.8313 0.6828 0.8828 0.6844 0.9094 0.6875 0.9156 0.6906 0.9469 0.6906 0.9984 0.7828 0.9984 0.7875 0.9844 0.7875 0.9688 0.7906 0.9656 0.7844 0.9313 0.7812 0.9250 0.7828 0.9172 0.7766 0.8984 0.7766 0.8812 0.7719 0.8625 0.7734 0.8562 0.7688 0.8375 0.7641 0.8281 0.7547 0.8187 0.7297 0.8094
2 0.5828 0.4859 0.5766 0.4922 0.5750 0.5094 0.5656 0.5391 0.5687 0.5719 0.5750 0.5797 0.5859 0.5734 0.6062 0.5734 0.6109 0.5781 0.6141 0.5781 0.6156 0.5750 0.6203 0.5547 0.6188 0.5016 0.6125 0.4969 0.6125 0.4906 0.6062 0.4859
2 0.5141 0.4969 0.5078 0.5016 0.5047 0.5078 0.5047 0.5156 0.5000 0.5281 0.5000 0.5563 0.5047 0.5609 0.5172 0.5578 0.5391 0.5578 0.5453 0.5375 0.5469 0.5203 0.5453 0.5078 0.5391 0.5000 0.5328 0.4969
2 0.3484 0.5516 0.3344 0.5578 0.3250 0.5687 0.3234 0.5750 0.3156 0.5859 0.3156 0.5984 0.3078 0.6094 0.3047 0.6250 0.3063 0.6375 0.3094 0.6438 0.3172 0.6500 0.3297 0.6484 0.3453 0.6328 0.3500 0.6234 0.3484 0.5531
2 0.2750 0.5406 0.2672 0.5437 0.2516 0.5437 0.2359 0.5516 0.2266 0.5703 0.2266 0.5766 0.2188 0.5922 0.2125 0.5984 0.2156 0.6234 0.2219 0.6266 0.2562 0.6250 0.2797 0.6000 0.2875 0.5953 0.2906 0.5906 0.2922 0.5781 0.2922 0.5563 0.2906 0.5516 0.2797 0.5406
2 0.1031 0.5703 0.0922 0.5766 0.0797 0.5797 0.0672 0.5875 0.0641 0.5922 0.0594 0.5906 0.0484 0.6062 0.0437 0.6078 0.0187 0.6328 0.0156 0.6406 0.0156 0.6656 0.0203 0.6766 0.0281 0.6813 0.0312 0.6781 0.0391 0.6766 0.0594 0.6766 0.0656 0.6813 0.0719 0.6813 0.0766 0.6781 0.0844 0.6625 0.0984 0.6500 0.1125 0.6406 0.1250 0.6406 0.1297 0.6297 0.1328 0.5984 0.1297 0.5875 0.1156 0.5703
2 0.0172 0.7000 0.0031 0.7016 0.0000 0.7047 0.0000 0.8578 0.0281 0.8313 0.0328 0.8234 0.0453 0.8266 0.0547 0.8250 0.0625 0.8141 0.0656 0.8016 0.0688 0.7719 0.0688 0.7250 0.0469 0.7047 0.0328 0.7031 0.0266 0.7000
2 0.2734 0.4531 0.2562 0.4641 0.2391 0.4984 0.2375 0.5156 0.2422 0.5281 0.2562 0.5250 0.2781 0.5266 0.2891 0.5125 0.3016 0.5094 0.3047 0.4906 0.3031 0.4703 0.2984 0.4578 0.2906 0.4531
2 0.4047 0.4562 0.3906 0.4656 0.3875 0.4813 0.3781 0.4953 0.3766 0.5250 0.3797 0.5312 0.4031 0.5297 0.4062 0.5328 0.4156 0.5328 0.4219 0.5219 0.4313 0.5141 0.4328 0.5078 0.4328 0.4719 0.4281 0.4625 0.4203 0.4562
2 0.4437 0.4250 0.4344 0.4328 0.4266 0.4547 0.4281 0.4641 0.4344 0.4750 0.4344 0.4828 0.4391 0.4797 0.4531 0.4813 0.4625 0.4703 0.4625 0.4375 0.4562 0.4250
2 0.5766 0.3609 0.5719 0.3703 0.5719 0.3891 0.5750 0.3906 0.5859 0.3906 0.5906 0.3875 0.5906 0.3688 0.5875 0.3609
2 0.6203 0.3453 0.6141 0.3516 0.6156 0.3719 0.6297 0.3703 0.6312 0.3531 0.6266 0.3469 0.6219 0.3453
2 0.6547 0.3500 0.6500 0.3563 0.6484 0.3750 0.6500 0.3797 0.6562 0.3828 0.6656 0.3828 0.6687 0.3750 0.6687 0.3594 0.6625 0.3500
2 0.4781 0.3891 0.4719 0.3953 0.4672 0.4078 0.4672 0.4156 0.4828 0.4156 0.4891 0.4234 0.4922 0.4234 0.4969 0.4156 0.4969 0.4016 0.4906 0.3891
2 0.4234 0.4094 0.4188 0.4109 0.4141 0.4172 0.4062 0.4375 0.4062 0.4516 0.4203 0.4547 0.4266 0.4531 0.4391 0.4188 0.4359 0.4109 0.4313 0.4094
2 0.4500 0.3797 0.4422 0.3859 0.4375 0.4000 0.4375 0.4094 0.4422 0.4156 0.4531 0.4156 0.4641 0.4047 0.4641 0.3875 0.4594 0.3797
2 0.5047 0.3766 0.5000 0.3781 0.4953 0.3875 0.4984 0.4109 0.5047 0.4125 0.5109 0.4109 0.5156 0.3984 0.5141 0.3797 0.5094 0.3766
2 0.4828 0.3531 0.4750 0.3594 0.4719 0.3750 0.4750 0.3828 0.4859 0.3828 0.4938 0.3734 0.4922 0.3563 0.4859 0.3531
2 0.6109 0.2672 0.6078 0.2703 0.5938 0.2703 0.5906 0.2750 0.5875 0.2703 0.5813 0.2719 0.5750 0.2781 0.5672 0.2797 0.5625 0.2891 0.5469 0.2938 0.5469 0.2984 0.5422 0.3047 0.5328 0.3031 0.5234 0.3063 0.5156 0.3172 0.5094 0.3172 0.5031 0.3250 0.5125 0.3516 0.5188 0.3531 0.5125 0.3594 0.5109 0.3688 0.5219 0.3719 0.5203 0.3750 0.5125 0.3766 0.5156 0.3797 0.5172 0.3906 0.5203 0.3937 0.5234 0.3922 0.5266 0.3844 0.5328 0.3781 0.5359 0.3781 0.5406 0.3688 0.5406 0.3469 0.5453 0.3406 0.5453 0.3344 0.5500 0.3328 0.5547 0.3375 0.5500 0.3406 0.5469 0.3531 0.5484 0.3563 0.5516 0.3500 0.5578 0.3453 0.5578 0.3422 0.5734 0.3266 0.5844 0.3063 0.5922 0.3016 0.6047 0.2844 0.6109 0.2797 0.6109 0.2687
1 0.4141 0.3375 0.3937 0.3484 0.3953 0.3578 0.3922 0.3719 0.3922 0.4047 0.3969 0.4156 0.4125 0.4141 0.4234 0.4047 0.4344 0.4031 0.4359 0.3891 0.4422 0.3797 0.4391 0.3375
1 0.4797 0.3172 0.4750 0.3203 0.4719 0.3328 0.4719 0.3453 0.4750 0.3516 0.4859 0.3500 0.4922 0.3422 0.4922 0.3234 0.4859 0.3172