1 0.6531 0.3563 0.6500 0.4031 0.6547 0.4094 0.6562 0.4391 0.6531 0.4609 0.6547 0.5578 0.6922 0.5625 0.7094 0.5625 0.7125 0.5547 0.7125 0.5391 0.7156 0.5281 0.7141 0.5172 0.7172 0.5062 0.7156 0.4688 0.7188 0.4578 0.7156 0.4453 0.7172 0.4375 0.7203 0.4344 0.7203 0.4109 0.7063 0.3766 0.6953 0.3594 0.6594 0.3563
1 0.2797 0.4109 0.2719 0.4156 0.2609 0.4156 0.2641 0.4281 0.2625 0.4297 0.2594 0.4266 0.2594 0.4313 0.2437 0.4422 0.2250 0.4422 0.2156 0.4375 0.2016 0.4469 0.1953 0.4609 0.1938 0.4766 0.1812 0.5094 0.1812 0.5312 0.1844 0.5484 0.1891 0.5578 0.1969 0.5563 0.2031 0.5500 0.2265 0.5500 0.2531 0.5297 0.2750 0.5281 0.2781 0.5234 0.2859 0.5219 0.2922 0.5062 0.2938 0.4859 0.2906 0.4516 0.2875 0.4406 0.2891 0.4219 0.2875 0.4141 0.2828 0.4109
2 0.0859 0.6594 0.0641 0.6641 0.0391 0.6813 0.0359 0.6844 0.0359 0.6891 0.0187 0.7125 0.0125 0.7312 0.0000 0.7453 0.0000 0.8266 0.0437 0.8266 0.0469 0.8297 0.0656 0.8109 0.0703 0.8000 0.0703 0.7906 0.0750 0.7859 0.0781 0.7891 0.0875 0.7859 0.0922 0.7781 0.1094 0.7641 0.1234 0.7641 0.1328 0.7484 0.1359 0.7156 0.1313 0.6844 0.1203 0.6656 0.1109 0.6609 0.0953 0.6594
2 0.1094 0.7875 0.0953 0.7922 0.0719 0.8094 0.0422 0.8422 0.0312 0.8625 0.0234 0.8672 0.0234 0.8812 0.0031 0.9156 0.0000 0.9172 0.0000 0.9984 0.0063 0.9984 0.0109 0.9922 0.0156 0.9984 0.0688 0.9984 0.0828 0.9797 0.0891 0.9750 0.0938 0.9625 0.1109 0.9437 0.1234 0.9250 0.1250 0.9172 0.1578 0.8812 0.1609 0.8734 0.1609 0.8375 0.1547 0.8156 0.1469 0.8078 0.1375 0.7922 0.1219 0.7875
2 0.2516 0.5422 0.2484 0.5453 0.2313 0.5484 0.2234 0.5563 0.2156 0.5750 0.2000 0.5938 0.1953 0.6078 0.1953 0.6219 0.2000 0.6359 0.2281 0.6312 0.2422 0.6344 0.2625 0.6109 0.2797 0.5984 0.2828 0.5922 0.2844 0.5703 0.2828 0.5531 0.2672 0.5422 0.2578 0.5422
2 0.3453 0.5531 0.3234 0.5563 0.3172 0.5625 0.3016 0.5703 0.2938 0.5797 0.2859 0.5953 0.2844 0.6062 0.2703 0.6344 0.2703 0.6484 0.2781 0.6703 0.2828 0.6687 0.3031 0.6734 0.3141 0.6719 0.3281 0.6531 0.3328 0.6359 0.3359 0.6328 0.3422 0.6328 0.3484 0.6250 0.3484 0.5531
2 0.3469 0.4547 0.3359 0.4625 0.3312 0.4750 0.3266 0.4781 0.3281 0.4813 0.3219 0.4938 0.3219 0.5188 0.3250 0.5250 0.3375 0.5219 0.3453 0.5250 0.3484 0.5234 0.3484 0.4547
2 0.4359 0.4484 0.4219 0.4516 0.4156 0.4562 0.4047 0.4766 0.4000 0.4922 0.4000 0.5094 0.4031 0.5156 0.4078 0.5141 0.4219 0.5172 0.4313 0.5156 0.4344 0.5109 0.4344 0.5047 0.4391 0.5000 0.4453 0.4984 0.4484 0.4922 0.4500 0.4813 0.4422 0.4484
2 0.5359 0.4594 0.5234 0.4625 0.5172 0.4703 0.5141 0.4875 0.5141 0.5125 0.5188 0.5219 0.5437 0.5219 0.5469 0.5203 0.5531 0.5062 0.5547 0.4719 0.5453 0.4609 0.5391 0.4594
2 0.6016 0.4234 0.5984 0.4266 0.5938 0.4453 0.5953 0.4641 0.6156 0.4672 0.6219 0.4641 0.6234 0.4500 0.6219 0.4313 0.6172 0.4234
2 0.5766 0.3672 0.5703 0.3688 0.5672 0.3750 0.5672 0.4000 0.5781 0.4000 0.5875 0.3953 0.5875 0.3766 0.5844 0.3688 0.5813 0.3672
2 0.6188 0.3359 0.6141 0.3453 0.6141 0.3563 0.6266 0.3594 0.6297 0.3578 0.6297 0.3391 0.6266 0.3359
2 0.5953 0.3266 0.5922 0.3422 0.5953 0.3484 0.6062 0.3484 0.6078 0.3453 0.6078 0.3328 0.6047 0.3266
2 0.4188 0.4062 0.4047 0.4109 0.3953 0.4281 0.3922 0.4469 0.3953 0.4594 0.4125 0.4594 0.4203 0.4500 0.4313 0.4453 0.4328 0.4203 0.4297 0.4125 0.4203 0.4078
2 0.3859 0.3984 0.3766 0.4016 0.3734 0.4062 0.3719 0.4344 0.3750 0.4406 0.3891 0.4391 0.3937 0.4172 0.4000 0.4109 0.4000 0.4047 0.3937 0.3984
2 0.4531 0.3859 0.4453 0.3875 0.4422 0.3906 0.4359 0.4062 0.4359 0.4234 0.4469 0.4266 0.4547 0.4250 0.4625 0.4188 0.4641 0.4031 0.4578 0.3859
2 0.5625 0.7500 0.5594 0.7531 0.5297 0.7516 0.5250 0.7562 0.5172 0.7703 0.5156 0.7891 0.5047 0.8266 0.5016 0.8500 0.5016 0.8891 0.5062 0.9125 0.5203 0.9172 0.5250 0.9156 0.5437 0.9234 0.5484 0.9203 0.5531 0.9219 0.5828 0.9187 0.5906 0.9078 0.5953 0.8266 0.5984 0.8094 0.5984 0.7688 0.5969 0.7609 0.5906 0.7531 0.5813 0.7500
2 0.4969 0.3859 0.4906 0.3875 0.4828 0.4000 0.4797 0.4141 0.4813 0.4266 0.4969 0.4281 0.5094 0.4109 0.5078 0.3937 0.5031 0.3875 0.4984 0.3875
2 0.4328 0.3609 0.4281 0.3641 0.4219 0.3812 0.4234 0.3953 0.4359 0.3953 0.4484 0.3828 0.4484 0.3672 0.4453 0.3609
2 0.4906 0.3500 0.4828 0.3625 0.4828 0.3703 0.4859 0.3766 0.5016 0.3750 0.5031 0.3563 0.5000 0.3500
2 0.5234 0.3578 0.5172 0.3641 0.5172 0.3750 0.5203 0.3781 0.5328 0.3781 0.5359 0.3703 0.5359 0.3625 0.5328 0.3578 0.5266 0.3578
2 0.4734 0.3344 0.4656 0.3484 0.4672 0.3625 0.4781 0.3625 0.4813 0.3594 0.4844 0.3500 0.4844 0.3375 0.4797 0.3344
2 0.4969 0.3234 0.4922 0.3250 0.4891 0.3312 0.4891 0.3453 0.5016 0.3438 0.5047 0.3328 0.5000 0.3234
2 0.5484 0.3266 0.5406 0.3375 0.5406 0.3484 0.5500 0.3516 0.5547 0.3500 0.5578 0.3469 0.5578 0.3422 0.5641 0.3375 0.5594 0.3375 0.5516 0.3266
2 0.6469 0.3109 0.6453 0.3297 0.6562 0.3297 0.6578 0.3187 0.6547 0.3109
2 0.5172 0.3344 0.5094 0.3375 0.5031 0.3484 0.5062 0.3594 0.5141 0.3625 0.5219 0.3500 0.5219 0.3391 0.5172 0.3359