2 0.2156 0.6984 0.1766 0.7047 0.1656 0.7125 0.1531 0.7266 0.1437 0.7406 0.1422 0.7469 0.1344 0.7531 0.1281 0.7719 0.1078 0.7984 0.1031 0.8125 0.1016 0.8281 0.1031 0.8500 0.1062 0.8578 0.1125 0.8625 0.1437 0.8672 0.1609 0.8656 0.1672 0.8625 0.1828 0.8469 0.1859 0.8344 0.2000 0.8234 0.2281 0.7828 0.2344 0.7781 0.2422 0.7641 0.2422 0.7094 0.2313 0.7000 0.2188 0.6984
2 0.1812 0.5312 0.1688 0.5359 0.1547 0.5484 0.1500 0.5484 0.1437 0.5422 0.1375 0.5437 0.1344 0.5484 0.1297 0.5500 0.1250 0.5609 0.1141 0.5719 0.1000 0.5953 0.0984 0.6188 0.1062 0.6328 0.1500 0.6266 0.1688 0.6078 0.1703 0.5938 0.1844 0.5750 0.1922 0.5531 0.1906 0.5406 0.1828 0.5312
2 0.3781 0.5109 0.3750 0.5141 0.3734 0.5750 0.3797 0.5875 0.3844 0.5828 0.3891 0.5703 0.4000 0.5609 0.4047 0.5516 0.4047 0.5266 0.4000 0.5219 0.3969 0.5125 0.3922 0.5109
2 0.5250 0.4828 0.5188 0.4844 0.5125 0.4922 0.5125 0.4984 0.5047 0.5172 0.5047 0.5344 0.5062 0.5406 0.5109 0.5453 0.5234 0.5422 0.5391 0.5453 0.5422 0.5437 0.5453 0.5328 0.5500 0.5266 0.5500 0.4938 0.5437 0.4859 0.5359 0.4828
2 0.6062 0.4750 0.6031 0.4766 0.5984 0.4859 0.5984 0.5375 0.6078 0.5359 0.6109 0.5328 0.6219 0.5328 0.6297 0.5406 0.6344 0.5375 0.6359 0.5328 0.6359 0.4844 0.6297 0.4766 0.6203 0.4750
2 0.4453 0.4375 0.4313 0.4391 0.4266 0.4422 0.4125 0.4625 0.4062 0.4984 0.4109 0.5109 0.4156 0.5125 0.4313 0.5109 0.4469 0.4969 0.4484 0.4906 0.4562 0.4844 0.4562 0.4531 0.4516 0.4391 0.4469 0.4375
2 0.2797 0.4594 0.2656 0.4625 0.2547 0.4703 0.2531 0.4781 0.2422 0.4953 0.2391 0.5078 0.2406 0.5125 0.2500 0.5188 0.2938 0.5188 0.3031 0.5000 0.3031 0.4813 0.2984 0.4656 0.2953 0.4609 0.2906 0.4594
2 0.3375 0.4781 0.3312 0.4813 0.3141 0.4828 0.3078 0.4953 0.3031 0.4984 0.2984 0.5078 0.2953 0.5250 0.2969 0.5391 0.3016 0.5453 0.3312 0.5437 0.3500 0.5250 0.3500 0.4859 0.3438 0.4781
2 0.4547 0.3703 0.4469 0.3750 0.4422 0.3859 0.4422 0.4016 0.4453 0.4078 0.4594 0.4078 0.4688 0.4016 0.4703 0.3844 0.4641 0.3781 0.4656 0.3719 0.4625 0.3703
2 0.5687 0.3937 0.5625 0.3984 0.5594 0.4078 0.5578 0.4188 0.5609 0.4313 0.5828 0.4297 0.5844 0.4062 0.5813 0.3969 0.5750 0.3937
2 0.5016 0.3766 0.4938 0.3812 0.4875 0.3953 0.4891 0.4141 0.5047 0.4141 0.5094 0.4094 0.5125 0.3937 0.5094 0.3766
2 0.5844 0.3547 0.5781 0.3578 0.5734 0.3703 0.5750 0.3844 0.5906 0.3844 0.5938 0.3812 0.5938 0.3609 0.5891 0.3563 0.5859 0.3563
2 0.6562 0.3531 0.6516 0.3625 0.6531 0.3797 0.6687 0.3797 0.6703 0.3641 0.6656 0.3531
2 0.4562 0.3453 0.4500 0.3516 0.4469 0.3688 0.4672 0.3656 0.4688 0.3563 0.4656 0.3453
2 0.5469 0.3375 0.5422 0.3391 0.5359 0.3484 0.5359 0.3578 0.5391 0.3625 0.5469 0.3625 0.5516 0.3563 0.5516 0.3438 0.5484 0.3375
1 0.0359 0.6141 0.0000 0.6359 0.0000 0.8656 0.0359 0.8297 0.0359 0.8266 0.0516 0.8141 0.0516 0.8109 0.0563 0.8063 0.0641 0.8047 0.0672 0.8094 0.0797 0.8078 0.0891 0.7937 0.0922 0.7812 0.0953 0.7797 0.0969 0.7656 0.1031 0.7469 0.1031 0.7078 0.1000 0.6969 0.1016 0.6922 0.0984 0.6813 0.0969 0.6531 0.0891 0.6219 0.0813 0.6172 0.0672 0.6141
1 0.2672 0.5203 0.2656 0.5281 0.2687 0.5328 0.2625 0.5453 0.2562 0.5312 0.2594 0.5250 0.2578 0.5234 0.2250 0.5234 0.2125 0.5297 0.1953 0.5484 0.1859 0.5750 0.1797 0.5797 0.1719 0.5938 0.1688 0.6266 0.1766 0.6500 0.2172 0.6484 0.2250 0.6531 0.2281 0.6531 0.2344 0.6469 0.2391 0.6203 0.2422 0.6172 0.2516 0.6156 0.2547 0.6047 0.2734 0.6047 0.2766 0.6016 0.2781 0.5938 0.2828 0.5891 0.2844 0.5516 0.2875 0.5453 0.2891 0.5281 0.2875 0.5250 0.2781 0.5203 0.2719 0.5203
1 0.4203 0.3734 0.4047 0.3781 0.4000 0.3844 0.3984 0.4109 0.3906 0.4266 0.3891 0.4359 0.3906 0.4547 0.4125 0.4547 0.4188 0.4484 0.4219 0.4406 0.4328 0.4344 0.4328 0.4203 0.4375 0.4031 0.4375 0.3859 0.4313 0.3750 0.4250 0.3734
1 0.6078 0.3172 0.6031 0.3234 0.6062 0.3297 0.6062 0.3719 0.6031 0.3781 0.6047 0.3937 0.6062 0.3969 0.6297 0.3984 0.6344 0.3937 0.6359 0.3719 0.6328 0.3672 0.6344 0.3203 0.6234 0.3172 0.6109 0.3172
1 0.5000 0.3078 0.4938 0.3094 0.4859 0.3172 0.4844 0.3328 0.4813 0.3375 0.4828 0.3406 0.4781 0.3563 0.4766 0.3734 0.4797 0.3797 0.4875 0.3812 0.4922 0.3812 0.5016 0.3719 0.5031 0.3609 0.5062 0.3563 0.5016 0.3312 0.5016 0.3078
1 0.5469 0.2797 0.5406 0.2859 0.5406 0.3047 0.5437 0.3063 0.5484 0.3063 0.5531 0.2984 0.5531 0.2844 0.5484 0.2797
1 0.5484 0.2781 0.5437 0.2797 0.5406 0.2844 0.5406 0.3047 0.5484 0.3063 0.5531 0.2984 0.5531 0.2828 0.5500 0.2797