2 0.1750 0.7891 0.1344 0.7937 0.1172 0.8016 0.1141 0.8078 0.1062 0.8078 0.0797 0.8250 0.0766 0.8250 0.0563 0.8516 0.0437 0.8766 0.0391 0.8953 0.0344 0.9000 0.0359 0.9078 0.0312 0.9156 0.0312 0.9203 0.0141 0.9297 0.0078 0.9359 0.0031 0.9609 0.0047 0.9812 0.0109 0.9859 0.0125 0.9906 0.0172 0.9906 0.0203 0.9938 0.0266 0.9906 0.0359 0.9969 0.0437 0.9953 0.0453 0.9984 0.0688 0.9984 0.0703 0.9922 0.0750 0.9891 0.0906 0.9609 0.0953 0.9578 0.1062 0.9406 0.1109 0.9391 0.1172 0.9266 0.1266 0.9187 0.1344 0.9031 0.1422 0.8969 0.1531 0.8797 0.1625 0.8719 0.1859 0.8406 0.1891 0.8344 0.1891 0.8094 0.1844 0.7922 0.1781 0.7891
2 0.1047 0.5641 0.0797 0.5797 0.0609 0.6156 0.0453 0.6359 0.0437 0.6516 0.0469 0.6625 0.0531 0.6719 0.0906 0.6656 0.0969 0.6672 0.1187 0.6422 0.1313 0.6344 0.1375 0.6344 0.1422 0.6312 0.1484 0.6141 0.1484 0.5906 0.1469 0.5828 0.1328 0.5641
2 0.4188 0.6531 0.4078 0.6687 0.4016 0.6828 0.3984 0.6969 0.4031 0.7016 0.4422 0.7000 0.4484 0.6922 0.4531 0.6797 0.4594 0.6734 0.4625 0.6734 0.4547 0.6703 0.4547 0.6672 0.4578 0.6656 0.4547 0.6625 0.4578 0.6578 0.4562 0.6547 0.4203 0.6531
2 0.4188 0.6500 0.4047 0.6719 0.3984 0.6891 0.3937 0.7188 0.3875 0.7266 0.3891 0.7766 0.3953 0.7906 0.4141 0.7875 0.4281 0.7891 0.4313 0.7859 0.4484 0.7922 0.4578 0.7922 0.4609 0.7891 0.4656 0.7672 0.4641 0.7594 0.4688 0.7547 0.4813 0.7297 0.4844 0.7094 0.4828 0.6703 0.4813 0.6656 0.4547 0.6516 0.4500 0.6531 0.4203 0.6500
2 0.6687 0.4672 0.6625 0.4766 0.6609 0.4891 0.6594 0.5047 0.6625 0.5203 0.6672 0.5250 0.6859 0.5234 0.6922 0.5266 0.6969 0.5250 0.6984 0.5156 0.6969 0.4828 0.6922 0.4703 0.6844 0.4672
2 0.6687 0.4672 0.6625 0.4781 0.6641 0.4813 0.6609 0.4891 0.6609 0.5156 0.6625 0.5203 0.6687 0.5250 0.6813 0.5219 0.6875 0.5250 0.6969 0.5234 0.6969 0.4828 0.6937 0.4734 0.6875 0.4672
2 0.6031 0.4062 0.5953 0.4141 0.5953 0.4359 0.5922 0.4453 0.5938 0.4672 0.5984 0.4734 0.6266 0.4688 0.6266 0.4406 0.6234 0.4281 0.6266 0.4188 0.6188 0.4078 0.6062 0.4062
2 0.2313 0.5563 0.2234 0.5578 0.2078 0.5672 0.1906 0.5938 0.1797 0.6281 0.1844 0.6578 0.2203 0.6578 0.2266 0.6531 0.2359 0.6344 0.2484 0.6312 0.2562 0.6250 0.2594 0.6156 0.2562 0.5734 0.2516 0.5609 0.2437 0.5563
2 0.3344 0.5375 0.3172 0.5422 0.3078 0.5500 0.2906 0.5813 0.2844 0.6016 0.2828 0.6281 0.2859 0.6391 0.2953 0.6391 0.3094 0.6344 0.3172 0.6422 0.3328 0.6406 0.3484 0.6125 0.3500 0.5469 0.3484 0.5391 0.3453 0.5375
2 0.3344 0.4734 0.3172 0.4844 0.3125 0.4969 0.3031 0.5094 0.3016 0.5250 0.3047 0.5344 0.3094 0.5391 0.3250 0.5328 0.3422 0.5312 0.3469 0.5281 0.3484 0.4750 0.3438 0.4734
2 0.4281 0.4297 0.4219 0.4422 0.4094 0.4578 0.4047 0.4703 0.4016 0.4984 0.4062 0.5062 0.4344 0.5062 0.4406 0.5016 0.4484 0.4891 0.4500 0.4547 0.4469 0.4422 0.4437 0.4391 0.4469 0.4344 0.4391 0.4297
2 0.4969 0.3875 0.4891 0.3922 0.4844 0.4047 0.4844 0.4234 0.4891 0.4266 0.5016 0.4250 0.5062 0.4203 0.5062 0.4156 0.5109 0.4078 0.5109 0.3984 0.5094 0.3906 0.5047 0.3875
2 0.4375 0.3859 0.4313 0.3922 0.4297 0.4000 0.4250 0.4062 0.4234 0.4172 0.4266 0.4297 0.4375 0.4281 0.4422 0.4313 0.4469 0.4297 0.4578 0.4172 0.4578 0.3984 0.4547 0.3891 0.4500 0.3859
2 0.5828 0.3609 0.5781 0.3672 0.5766 0.3750 0.5781 0.3875 0.5813 0.3891 0.5906 0.3891 0.5969 0.3859 0.5984 0.3672 0.5922 0.3609
2 0.6578 0.3187 0.6500 0.3266 0.6500 0.3406 0.6531 0.3438 0.6625 0.3422 0.6625 0.3234 0.6594 0.3187
2 0.4344 0.3688 0.4250 0.3703 0.4188 0.3750 0.4141 0.3859 0.4141 0.4016 0.4234 0.4047 0.4281 0.4000 0.4313 0.3891 0.4391 0.3797 0.4391 0.3734 0.4359 0.3703
2 0.4500 0.3531 0.4469 0.3563 0.4437 0.3688 0.4437 0.3781 0.4469 0.3812 0.4531 0.3797 0.4531 0.3750 0.4500 0.3719 0.4531 0.3531
2 0.4859 0.3594 0.4703 0.3703 0.4703 0.3906 0.4797 0.3922 0.4891 0.3891 0.4922 0.3812 0.4922 0.3688 0.4859 0.3609
2 0.6094 0.2625 0.5906 0.2656 0.5844 0.2734 0.5672 0.2781 0.5516 0.2891 0.5422 0.2922 0.5359 0.2984 0.5328 0.2984 0.5266 0.3063 0.5188 0.3078 0.5125 0.3156 0.5016 0.3172 0.5016 0.3219 0.4984 0.3250 0.4875 0.3266 0.4828 0.3328 0.4734 0.3359 0.4594 0.3531 0.4656 0.3641 0.4641 0.3766 0.4688 0.3828 0.4703 0.3906 0.4766 0.3922 0.4906 0.3891 0.4953 0.3844 0.4938 0.3781 0.4969 0.3719 0.5078 0.3703 0.5203 0.3797 0.5328 0.3781 0.5406 0.3703 0.5406 0.3672 0.5500 0.3594 0.5594 0.3469 0.5594 0.3406 0.5719 0.3297 0.5813 0.3125 0.5922 0.3031 0.5984 0.2922 0.6094 0.2828 0.6156 0.2828 0.6172 0.2797 0.6297 0.2750 0.6297 0.2641 0.6125 0.2625
2 0.6109 0.2625 0.6062 0.2656 0.6031 0.2641 0.5984 0.2672 0.5891 0.2672 0.5828 0.2750 0.5672 0.2781 0.5516 0.2891 0.5406 0.2922 0.5266 0.3063 0.5172 0.3078 0.5125 0.3156 0.5016 0.3172 0.5016 0.3203 0.4969 0.3250 0.4875 0.3266 0.4828 0.3328 0.4672 0.3406 0.4594 0.3531 0.4656 0.3641 0.4641 0.3766 0.4688 0.3828 0.4703 0.3906 0.4813 0.3922 0.4906 0.3891 0.4953 0.3828 0.4922 0.3797 0.4984 0.3719 0.5031 0.3703 0.5078 0.3703 0.5141 0.3766 0.5219 0.3797 0.5328 0.3781 0.5406 0.3703 0.5406 0.3672 0.5516 0.3578 0.5594 0.3469 0.5594 0.3406 0.5719 0.3297 0.5734 0.3234 0.5813 0.3125 0.5969 0.2984 0.5969 0.2953 0.6078 0.2844 0.6141 0.2828 0.6125 0.2781 0.6188 0.2781 0.6219 0.2719 0.6266 0.2781 0.6281 0.2766 0.6281 0.2641 0.6219 0.2672 0.6188 0.2672 0.6188 0.2641 0.6125 0.2641
1 0.2581 0.5022 0.2550 0.4637 0.2688 0.3866 0.2858 0.3651 0.3720 0.3312 0.3920 0.3373 0.4012 0.4067 0.3935 0.4375 0.2889 0.5160