2 0.1484 0.7609 0.1422 0.7625 0.1375 0.7719 0.1141 0.7891 0.0938 0.7969 0.0891 0.8016 0.0813 0.8031 0.0656 0.8125 0.0516 0.8297 0.0453 0.8422 0.0359 0.8500 0.0344 0.8719 0.0297 0.8766 0.0156 0.9031 0.0000 0.9187 0.0031 0.9234 0.0000 0.9266 0.0000 0.9844 0.0078 0.9906 0.0141 0.9906 0.0172 0.9938 0.0266 0.9922 0.0312 0.9984 0.0688 0.9984 0.0688 0.9953 0.0828 0.9797 0.0859 0.9719 0.0906 0.9672 0.0953 0.9688 0.0984 0.9656 0.1016 0.9531 0.1172 0.9250 0.1250 0.9187 0.1344 0.9062 0.1359 0.9000 0.1453 0.8922 0.1516 0.8797 0.1609 0.8719 0.1641 0.8719 0.1641 0.8688 0.1812 0.8484 0.1859 0.8328 0.1859 0.8031 0.1828 0.7891 0.1734 0.7734 0.1688 0.7703 0.1656 0.7625 0.1609 0.7641 0.1562 0.7609
2 0.1219 0.5734 0.0953 0.5750 0.0797 0.5828 0.0703 0.5922 0.0547 0.6172 0.0359 0.6375 0.0328 0.6656 0.0375 0.6797 0.0531 0.6813 0.0609 0.6781 0.0891 0.6750 0.1141 0.6500 0.1437 0.6312 0.1516 0.6062 0.1484 0.5844 0.1406 0.5781 0.1234 0.5750
2 0.2156 0.6250 0.2078 0.6312 0.2000 0.6312 0.1781 0.6422 0.1609 0.6453 0.1562 0.6500 0.1484 0.6641 0.1484 0.6687 0.1391 0.6797 0.1406 0.6844 0.1375 0.6937 0.1313 0.7016 0.1234 0.7188 0.1203 0.7297 0.1219 0.7531 0.1266 0.7516 0.1672 0.7594 0.1875 0.7875 0.1953 0.7875 0.2047 0.7781 0.2109 0.7469 0.2250 0.7172 0.2313 0.7109 0.2406 0.7094 0.2437 0.7063 0.2469 0.6922 0.2453 0.6656 0.2344 0.6594 0.2297 0.6516 0.2203 0.6516 0.2172 0.6484 0.2172 0.6438 0.2203 0.6406 0.2234 0.6422 0.2234 0.6344 0.2156 0.6297 0.2172 0.6266
2 0.2531 0.5469 0.2344 0.5500 0.2156 0.5578 0.2016 0.5797 0.1984 0.5938 0.1891 0.6078 0.1891 0.6109 0.1938 0.6156 0.2250 0.6172 0.2391 0.6125 0.2500 0.6188 0.2672 0.6094 0.2750 0.6000 0.2766 0.5922 0.2750 0.5563 0.2703 0.5500 0.2578 0.5469
2 0.2703 0.4703 0.2531 0.4734 0.2437 0.4781 0.2375 0.4906 0.2297 0.4938 0.2188 0.5125 0.2188 0.5250 0.2234 0.5406 0.2547 0.5406 0.2687 0.5266 0.2828 0.5203 0.2859 0.5078 0.2859 0.4922 0.2844 0.4828 0.2750 0.4703
2 0.5047 0.5312 0.4984 0.5328 0.4922 0.5406 0.4828 0.5719 0.4828 0.5891 0.4875 0.6078 0.5203 0.6078 0.5266 0.6062 0.5297 0.6016 0.5297 0.5953 0.5391 0.5766 0.5391 0.5469 0.5375 0.5422 0.5281 0.5328 0.5234 0.5312
2 0.3422 0.5500 0.3312 0.5594 0.3187 0.5813 0.3156 0.6000 0.3094 0.6109 0.3094 0.6250 0.3125 0.6344 0.3172 0.6391 0.3359 0.6375 0.3516 0.6219 0.3500 0.5500
2 0.6047 0.4188 0.5984 0.4266 0.6000 0.4641 0.6219 0.4641 0.6250 0.4594 0.6250 0.4266 0.6188 0.4188
2 0.5703 0.3922 0.5641 0.3969 0.5625 0.4047 0.5641 0.4297 0.5797 0.4297 0.5844 0.4266 0.5875 0.4109 0.5859 0.4000 0.5766 0.3922
2 0.5906 0.3391 0.5875 0.3422 0.5891 0.3438 0.5859 0.3516 0.5859 0.3594 0.5891 0.3625 0.6016 0.3609 0.6016 0.3453 0.5969 0.3391
2 0.6562 0.3516 0.6500 0.3563 0.6484 0.3750 0.6516 0.3797 0.6656 0.3781 0.6672 0.3625 0.6609 0.3516
2 0.6484 0.3187 0.6453 0.3297 0.6453 0.3359 0.6484 0.3391 0.6578 0.3375 0.6578 0.3219 0.6547 0.3187
2 0.6234 0.3094 0.6203 0.3141 0.6219 0.3312 0.6328 0.3297 0.6328 0.3125 0.6297 0.3094
2 0.4250 0.4656 0.4125 0.4828 0.4125 0.4875 0.4062 0.5000 0.4078 0.5250 0.4109 0.5281 0.4234 0.5281 0.4344 0.5156 0.4406 0.5000 0.4469 0.4969 0.4500 0.4922 0.4500 0.4766 0.4469 0.4703 0.4437 0.4672 0.4359 0.4656
2 0.3297 0.4266 0.3172 0.4297 0.3125 0.4344 0.3109 0.4422 0.3016 0.4500 0.2984 0.4562 0.2984 0.4719 0.3016 0.4797 0.3125 0.4750 0.3281 0.4766 0.3328 0.4703 0.3453 0.4656 0.3469 0.4375 0.3391 0.4266
2 0.4500 0.4250 0.4422 0.4344 0.4406 0.4531 0.4422 0.4594 0.4484 0.4625 0.4688 0.4609 0.4797 0.4469 0.4781 0.4344 0.4750 0.4297 0.4703 0.4266 0.4656 0.4281 0.4516 0.4250
2 0.4109 0.4109 0.4016 0.4172 0.3937 0.4328 0.3937 0.4469 0.4000 0.4594 0.4031 0.4609 0.4188 0.4609 0.4313 0.4500 0.4297 0.4203 0.4250 0.4141 0.4141 0.4109
2 0.4016 0.3844 0.3875 0.3875 0.3828 0.3953 0.3781 0.4078 0.3781 0.4266 0.3812 0.4297 0.3937 0.4281 0.4016 0.4109 0.4062 0.4078 0.4062 0.3844
2 0.4188 0.3781 0.4109 0.3937 0.4141 0.4078 0.4297 0.4078 0.4344 0.4016 0.4375 0.3859 0.4313 0.3781
1 0.4547 0.3344 0.4547 0.3406 0.4500 0.3438 0.4344 0.3422 0.4328 0.3719 0.4406 0.3859 0.4516 0.3844 0.4594 0.3719 0.4578 0.3500 0.4547 0.3438 0.4578 0.3375