2 0.1000 0.6422 0.0875 0.6500 0.0734 0.6547 0.0563 0.6734 0.0406 0.6969 0.0359 0.7094 0.0141 0.7359 0.0109 0.7469 0.0047 0.7562 0.0063 0.7891 0.0125 0.7922 0.0203 0.8016 0.0250 0.8016 0.0312 0.7969 0.0469 0.7969 0.0500 0.8000 0.0656 0.8047 0.0734 0.8031 0.0750 0.7984 0.0813 0.7937 0.0844 0.7781 0.0875 0.7750 0.0906 0.7766 0.0906 0.7719 0.1000 0.7609 0.1094 0.7391 0.1484 0.6984 0.1484 0.6703 0.1391 0.6562 0.1359 0.6453 0.1234 0.6422
2 0.1719 0.6891 0.1562 0.6922 0.1109 0.7375 0.1094 0.7469 0.0922 0.7750 0.0922 0.7875 0.0844 0.7969 0.0750 0.7984 0.0750 0.8094 0.0656 0.8172 0.0531 0.8438 0.0516 0.8734 0.0672 0.9000 0.0922 0.8984 0.1203 0.9047 0.1250 0.9078 0.1359 0.9062 0.1453 0.8875 0.1578 0.8750 0.1578 0.8719 0.1812 0.8391 0.2062 0.8172 0.2156 0.7969 0.2203 0.7703 0.2172 0.7188 0.2141 0.7172 0.2125 0.7094 0.2031 0.6937 0.1844 0.6891 0.1734 0.6891
2 0.4328 0.6813 0.4266 0.6844 0.4219 0.6922 0.4141 0.7203 0.4031 0.7469 0.4000 0.7656 0.4016 0.7906 0.4031 0.8016 0.4094 0.8078 0.4594 0.8078 0.4656 0.8063 0.4703 0.8000 0.4734 0.7766 0.4797 0.7578 0.4906 0.7391 0.4922 0.7078 0.4891 0.6953 0.4859 0.6922 0.4813 0.6937 0.4641 0.6813
2 0.3297 0.5422 0.3234 0.5469 0.3125 0.5500 0.3094 0.5578 0.2984 0.5594 0.2812 0.5875 0.2812 0.5984 0.2750 0.6094 0.2672 0.6406 0.2703 0.6516 0.2781 0.6625 0.3219 0.6609 0.3281 0.6531 0.3297 0.6453 0.3484 0.6266 0.3500 0.5719 0.3484 0.5437 0.3453 0.5422
2 0.2922 0.5094 0.2781 0.5203 0.2625 0.5531 0.2625 0.5766 0.2656 0.5828 0.2703 0.5859 0.2812 0.5859 0.2938 0.5641 0.3031 0.5547 0.3312 0.5391 0.3328 0.5234 0.3297 0.5141 0.3187 0.5094
2 0.2516 0.4656 0.2359 0.4688 0.2047 0.4875 0.2000 0.4938 0.1922 0.5141 0.1797 0.5312 0.1797 0.5500 0.1859 0.5703 0.2047 0.5672 0.2078 0.5687 0.2156 0.5656 0.2234 0.5719 0.2281 0.5703 0.2344 0.5578 0.2531 0.5422 0.2641 0.5406 0.2656 0.5344 0.2719 0.5266 0.2750 0.5078 0.2734 0.4859 0.2672 0.4703 0.2562 0.4656
2 0.1562 0.5375 0.1437 0.5391 0.1156 0.5516 0.1062 0.5625 0.0984 0.5656 0.0938 0.5719 0.0828 0.5984 0.0750 0.6047 0.0672 0.6188 0.0672 0.6484 0.0719 0.6531 0.0828 0.6500 0.0938 0.6422 0.1031 0.6391 0.1313 0.6406 0.1516 0.6219 0.1578 0.6188 0.1656 0.6188 0.1719 0.6141 0.1766 0.5953 0.1797 0.5625 0.1750 0.5469 0.1688 0.5391 0.1641 0.5375
2 0.4266 0.4625 0.4094 0.4672 0.4000 0.4828 0.3953 0.4922 0.3922 0.5109 0.3953 0.5250 0.4047 0.5250 0.4078 0.5219 0.4109 0.5250 0.4234 0.5250 0.4250 0.5156 0.4344 0.5094 0.4328 0.5047 0.4375 0.4969 0.4375 0.4906 0.4328 0.4813 0.4344 0.4766 0.4313 0.4734 0.4313 0.4656 0.4281 0.4625
2 0.6000 0.4297 0.5938 0.4344 0.5891 0.4469 0.5906 0.4750 0.5969 0.4781 0.6156 0.4781 0.6203 0.4719 0.6203 0.4391 0.6156 0.4313 0.6109 0.4297
2 0.4469 0.4313 0.4391 0.4359 0.4375 0.4500 0.4328 0.4578 0.4344 0.4750 0.4375 0.4813 0.4562 0.4813 0.4688 0.4656 0.4656 0.4375 0.4578 0.4313
2 0.3125 0.4500 0.2969 0.4562 0.2797 0.4781 0.2781 0.4938 0.2828 0.5094 0.2969 0.5047 0.3094 0.5062 0.3281 0.4891 0.3312 0.4703 0.3297 0.4625 0.3234 0.4531 0.3141 0.4500
2 0.3984 0.4188 0.3859 0.4266 0.3781 0.4406 0.3750 0.4531 0.3750 0.4672 0.3766 0.4750 0.3797 0.4781 0.3844 0.4750 0.3969 0.4781 0.4094 0.4641 0.4172 0.4594 0.4188 0.4391 0.4156 0.4250 0.4109 0.4188
2 0.4984 0.3797 0.4938 0.3844 0.4875 0.4016 0.4891 0.4156 0.4922 0.4172 0.5062 0.4156 0.5141 0.4031 0.5125 0.3859 0.5094 0.3797
2 0.6531 0.3297 0.6484 0.3328 0.6469 0.3375 0.6469 0.3531 0.6516 0.3563 0.6609 0.3547 0.6609 0.3328 0.6578 0.3297
2 0.5312 0.3563 0.5234 0.3578 0.5203 0.3609 0.5203 0.3656 0.5172 0.3688 0.5188 0.3844 0.5281 0.3844 0.5328 0.3797 0.5375 0.3703 0.5375 0.3625 0.5328 0.3578
2 0.4500 0.3516 0.4406 0.3563 0.4359 0.3703 0.4359 0.3812 0.4422 0.3859 0.4547 0.3844 0.4594 0.3781 0.4609 0.3688 0.4562 0.3516
2 0.5406 0.3359 0.5359 0.3438 0.5375 0.3594 0.5484 0.3578 0.5500 0.3422 0.5453 0.3359
2 0.4313 0.3906 0.4203 0.3969 0.4141 0.4125 0.4141 0.4203 0.4188 0.4313 0.4359 0.4297 0.4422 0.4219 0.4422 0.4000 0.4375 0.3937 0.4328 0.3922
2 0.4047 0.3781 0.3969 0.3828 0.3953 0.3937 0.4000 0.4031 0.4031 0.4031 0.4078 0.4109 0.4109 0.4094 0.4109 0.4047 0.4141 0.4031 0.4203 0.3906 0.4203 0.3844 0.4156 0.3781
2 0.3828 0.3953 0.3734 0.4000 0.3734 0.4219 0.3766 0.4375 0.3812 0.4344 0.3953 0.4078 0.3937 0.3984 0.3859 0.3953
2 0.3453 0.4234 0.3375 0.4266 0.3359 0.4344 0.3297 0.4391 0.3250 0.4469 0.3250 0.4531 0.3328 0.4688 0.3438 0.4703 0.3484 0.4688 0.3484 0.4234
2 0.0219 0.6250 0.0000 0.6297 0.0000 0.7250 0.0047 0.7250 0.0203 0.7109 0.0281 0.7156 0.0312 0.7141 0.0422 0.6922 0.0422 0.6453 0.0328 0.6297 0.0250 0.6250
1 0.4750 0.3500 0.4688 0.3750 0.4703 0.3875 0.4734 0.3891 0.4875 0.3891 0.4938 0.3812 0.4938 0.3563 0.4875 0.3500
1 0.4828 0.3312 0.4750 0.3375 0.4719 0.3453 0.4734 0.3484 0.4906 0.3500 0.4938 0.3547 0.4969 0.3531 0.4969 0.3375 0.4922 0.3312