2 0.3125 0.5687 0.2891 0.5813 0.2828 0.5906 0.2781 0.6062 0.2734 0.6109 0.2625 0.6406 0.2656 0.6656 0.2703 0.6703 0.3125 0.6672 0.3203 0.6500 0.3250 0.6484 0.3406 0.6312 0.3453 0.6141 0.3453 0.5813 0.3375 0.5719 0.3312 0.5687
2 0.4594 0.5953 0.4469 0.5969 0.4375 0.6047 0.4078 0.6578 0.4078 0.6766 0.4047 0.6875 0.4047 0.7469 0.4078 0.7562 0.4125 0.7609 0.4203 0.7625 0.4188 0.7688 0.4609 0.7688 0.4672 0.7672 0.4719 0.7609 0.4813 0.7562 0.4859 0.7406 0.4859 0.7188 0.4984 0.7000 0.5047 0.6953 0.5094 0.6781 0.5094 0.6219 0.4953 0.6000 0.4797 0.5953
2 0.1172 0.6266 0.1016 0.6344 0.0922 0.6500 0.0859 0.6687 0.0813 0.6734 0.0797 0.6828 0.0750 0.6875 0.0688 0.6891 0.0625 0.7000 0.0516 0.7109 0.0484 0.7234 0.0484 0.7391 0.0516 0.7469 0.0594 0.7547 0.0641 0.7516 0.0844 0.7531 0.1141 0.7500 0.1266 0.7281 0.1516 0.7031 0.1562 0.7000 0.1625 0.7000 0.1672 0.6953 0.1719 0.6844 0.1750 0.6641 0.1750 0.6422 0.1719 0.6344 0.1688 0.6312 0.1609 0.6312 0.1531 0.6266 0.1313 0.6266
2 0.0547 0.6062 0.0484 0.6078 0.0406 0.6141 0.0359 0.6141 0.0328 0.6109 0.0297 0.6141 0.0141 0.6125 0.0047 0.6172 0.0000 0.6234 0.0000 0.7469 0.0047 0.7469 0.0172 0.7391 0.0219 0.7281 0.0328 0.7203 0.0328 0.7156 0.0437 0.7063 0.0484 0.7109 0.0719 0.6813 0.0797 0.6672 0.0797 0.6250 0.0672 0.6078 0.0594 0.6062
2 0.0000 0.7594 0.0000 0.8672 0.0094 0.8625 0.0203 0.8625 0.0328 0.8484 0.0406 0.8109 0.0391 0.7922 0.0312 0.7672 0.0219 0.7609 0.0125 0.7594
2 0.2437 0.5297 0.2219 0.5484 0.2125 0.5625 0.2125 0.5687 0.2016 0.5875 0.1984 0.6141 0.2078 0.6312 0.2188 0.6250 0.2391 0.6266 0.2469 0.6312 0.2531 0.6266 0.2609 0.6047 0.2672 0.6016 0.2750 0.6031 0.2781 0.6000 0.2859 0.5813 0.2859 0.5641 0.2750 0.5344 0.2656 0.5297
2 0.2547 0.4875 0.2516 0.5062 0.2719 0.5047 0.2734 0.5016 0.2719 0.4984 0.2672 0.5016 0.2625 0.4969 0.2594 0.4984 0.2562 0.4938 0.2562 0.4875
2 0.2938 0.4453 0.2781 0.4516 0.2672 0.4594 0.2531 0.4906 0.2516 0.5156 0.2547 0.5203 0.2875 0.5203 0.2953 0.5094 0.3141 0.4969 0.3141 0.4578 0.3109 0.4500 0.3016 0.4453
2 0.3453 0.4688 0.3312 0.4734 0.3172 0.4953 0.3125 0.5156 0.3156 0.5359 0.3203 0.5375 0.3297 0.5344 0.3406 0.5344 0.3453 0.5375 0.3484 0.5344 0.3500 0.4703 0.3469 0.4703
2 0.4625 0.4219 0.4500 0.4250 0.4391 0.4375 0.4391 0.4453 0.4344 0.4547 0.4344 0.4734 0.4406 0.4781 0.4453 0.4750 0.4531 0.4750 0.4594 0.4781 0.4734 0.4594 0.4750 0.4453 0.4719 0.4266 0.4656 0.4219
2 0.4016 0.4188 0.3953 0.4250 0.3891 0.4391 0.3891 0.4656 0.4125 0.4656 0.4234 0.4562 0.4234 0.4250 0.4172 0.4188
2 0.6625 0.4047 0.6578 0.4062 0.6531 0.4172 0.6531 0.4391 0.6562 0.4422 0.6734 0.4422 0.6781 0.4391 0.6781 0.4203 0.6750 0.4094 0.6734 0.4062 0.6656 0.4047
2 0.5047 0.3859 0.4969 0.3875 0.4891 0.4000 0.4891 0.4234 0.5016 0.4234 0.5094 0.4125 0.5109 0.3937 0.5094 0.3875 0.5062 0.3875
2 0.4453 0.3859 0.4406 0.3891 0.4344 0.4047 0.4344 0.4188 0.4406 0.4234 0.4484 0.4219 0.4516 0.4172 0.4594 0.4156 0.4609 0.4125 0.4609 0.4031 0.4562 0.3906 0.4578 0.3891 0.4531 0.3859
2 0.4797 0.3609 0.4719 0.3750 0.4719 0.3875 0.4734 0.3906 0.4828 0.3922 0.4906 0.3906 0.4938 0.3859 0.4953 0.3688 0.4906 0.3609
2 0.5875 0.3484 0.5828 0.3516 0.5797 0.3594 0.5797 0.3719 0.5828 0.3766 0.5938 0.3766 0.5984 0.3703 0.5984 0.3547 0.5922 0.3484
2 0.5078 0.3391 0.5031 0.3422 0.4984 0.3563 0.5000 0.3656 0.5031 0.3672 0.5141 0.3656 0.5203 0.3531 0.5188 0.3391
2 0.4531 0.3484 0.4500 0.3500 0.4453 0.3594 0.4453 0.3703 0.4500 0.3781 0.4594 0.3781 0.4625 0.3750 0.4672 0.3594 0.4641 0.3484
2 0.4891 0.3281 0.4844 0.3312 0.4797 0.3406 0.4813 0.3547 0.4922 0.3547 0.4969 0.3500 0.4984 0.3359 0.4969 0.3312 0.4922 0.3281
2 0.5484 0.3297 0.5422 0.3391 0.5422 0.3469 0.5484 0.3531 0.5547 0.3500 0.5578 0.3422 0.5578 0.3344 0.5547 0.3297
2 0.5969 0.3219 0.5938 0.3250 0.5906 0.3375 0.5906 0.3438 0.5969 0.3469 0.6031 0.3453 0.6062 0.3391 0.6062 0.3266 0.6031 0.3219
1 0.3612 0.4313 0.3797 0.4313 0.4382 0.3774 0.4212 0.3373 0.3627 0.3728