2 0.0938 0.5750 0.0813 0.5781 0.0656 0.5891 0.0516 0.6062 0.0484 0.6156 0.0391 0.6250 0.0281 0.6422 0.0281 0.6703 0.0359 0.6781 0.0625 0.6781 0.0828 0.6734 0.1047 0.6484 0.1219 0.6375 0.1313 0.6375 0.1359 0.6312 0.1422 0.6062 0.1375 0.5859 0.1297 0.5781 0.1078 0.5750
2 0.2531 0.6281 0.2422 0.6328 0.2313 0.6438 0.2188 0.6687 0.2125 0.6734 0.2109 0.6844 0.1984 0.7078 0.1953 0.7375 0.2000 0.7469 0.2000 0.7531 0.2234 0.7562 0.2437 0.7562 0.2500 0.7531 0.2578 0.7422 0.2672 0.7344 0.2844 0.7078 0.2891 0.7047 0.3000 0.6891 0.2984 0.6375 0.2828 0.6297 0.2641 0.6281
2 0.4078 0.7359 0.4031 0.7391 0.3922 0.7406 0.3844 0.7469 0.3844 0.7531 0.3859 0.7500 0.3891 0.7500 0.3906 0.7562 0.3797 0.7578 0.3766 0.7703 0.3641 0.7922 0.3641 0.8000 0.3516 0.8297 0.3516 0.8625 0.3531 0.8734 0.3641 0.8875 0.3688 0.8812 0.3750 0.8812 0.3797 0.8844 0.3844 0.8828 0.4078 0.8875 0.4109 0.8906 0.4266 0.8875 0.4313 0.8844 0.4344 0.8750 0.4359 0.8516 0.4437 0.8391 0.4500 0.8203 0.4578 0.8094 0.4594 0.8031 0.4609 0.7688 0.4562 0.7469 0.4531 0.7453 0.4500 0.7484 0.4453 0.7438 0.4453 0.7391 0.4359 0.7391 0.4297 0.7359
2 0.4078 0.7344 0.3922 0.7375 0.3859 0.7406 0.3812 0.7469 0.3750 0.7703 0.3656 0.7859 0.3625 0.8047 0.3516 0.8281 0.3500 0.8422 0.3516 0.8719 0.3625 0.8875 0.3656 0.8875 0.3703 0.8828 0.3750 0.8828 0.3906 0.8844 0.4109 0.8922 0.4250 0.8906 0.4297 0.8875 0.4359 0.8719 0.4375 0.8531 0.4516 0.8234 0.4516 0.8187 0.4578 0.8109 0.4609 0.7953 0.4625 0.7688 0.4578 0.7438 0.4469 0.7375 0.4375 0.7375 0.4297 0.7344
2 0.7031 0.8250 0.6859 0.8297 0.6766 0.8438 0.6797 0.9297 0.6859 0.9750 0.6859 0.9984 0.7906 0.9984 0.7906 0.9625 0.7781 0.9219 0.7672 0.8562 0.7641 0.8531 0.7625 0.8453 0.7547 0.8375 0.7234 0.8250
2 0.6031 0.4484 0.5969 0.4516 0.5906 0.4594 0.5859 0.4922 0.5906 0.5047 0.5953 0.5000 0.6062 0.5000 0.6156 0.5031 0.6188 0.5031 0.6203 0.5000 0.6203 0.4625 0.6156 0.4531 0.6062 0.4484
2 0.6625 0.4344 0.6578 0.4359 0.6547 0.4469 0.6547 0.4578 0.6516 0.4672 0.6531 0.4938 0.6578 0.4906 0.6625 0.4938 0.6656 0.4906 0.6797 0.4953 0.6844 0.4938 0.6859 0.4500 0.6797 0.4375 0.6672 0.4344
2 0.2641 0.5406 0.2578 0.5437 0.2422 0.5437 0.2359 0.5469 0.2266 0.5563 0.2219 0.5672 0.2062 0.5875 0.2031 0.5938 0.2031 0.6125 0.2047 0.6203 0.2094 0.6266 0.2484 0.6266 0.2516 0.6188 0.2766 0.5953 0.2828 0.5922 0.2859 0.5813 0.2859 0.5578 0.2781 0.5469 0.2672 0.5406
2 0.2453 0.4781 0.2344 0.4813 0.2219 0.4891 0.2188 0.5094 0.2078 0.5125 0.1984 0.5297 0.1984 0.5484 0.2016 0.5578 0.2172 0.5578 0.2203 0.5656 0.2203 0.5625 0.2391 0.5437 0.2422 0.5437 0.2469 0.5391 0.2547 0.5422 0.2594 0.5391 0.2625 0.5406 0.2672 0.5375 0.2687 0.5328 0.2703 0.4922 0.2625 0.4781 0.2484 0.4781
2 0.3335 0.5915 0.3581 0.5083 0.3935 0.5176 0.3982 0.5607 0.3658 0.6023
2 0.4234 0.4672 0.4141 0.4703 0.4078 0.4766 0.4062 0.4828 0.4000 0.4891 0.3953 0.5047 0.3922 0.5078 0.3875 0.5062 0.3953 0.5266 0.4109 0.5328 0.4234 0.5312 0.4313 0.5219 0.4328 0.5109 0.4437 0.5000 0.4422 0.4766 0.4391 0.4703 0.4250 0.4688
2 0.3375 0.4266 0.3172 0.4313 0.3109 0.4375 0.3000 0.4578 0.2984 0.4719 0.3016 0.4828 0.3234 0.4797 0.3281 0.4813 0.3391 0.4703 0.3453 0.4688 0.3484 0.4391 0.3469 0.4313 0.3422 0.4266
2 0.3969 0.3875 0.3797 0.3937 0.3734 0.4156 0.3766 0.4297 0.3797 0.4250 0.3844 0.4266 0.3859 0.4234 0.3984 0.4266 0.3937 0.4297 0.4000 0.4344 0.3984 0.4391 0.4031 0.4516 0.4266 0.4516 0.4375 0.4422 0.4391 0.4344 0.4375 0.4172 0.4313 0.4047 0.4078 0.4094 0.4047 0.4141 0.4000 0.4125 0.4000 0.4094 0.4078 0.4031 0.4031 0.3875
2 0.4203 0.3641 0.4141 0.3672 0.4109 0.3719 0.4109 0.3797 0.4078 0.3844 0.4109 0.4062 0.4266 0.4047 0.4344 0.4000 0.4359 0.3719 0.4313 0.3641
2 0.4578 0.3766 0.4500 0.3859 0.4469 0.4000 0.4516 0.4109 0.4641 0.4109 0.4672 0.4078 0.4672 0.4031 0.4734 0.3906 0.4734 0.3797 0.4703 0.3766
2 0.4781 0.3937 0.4734 0.3984 0.4656 0.4188 0.4656 0.4359 0.4672 0.4391 0.4844 0.4406 0.4891 0.4391 0.4922 0.4344 0.4984 0.4141 0.4938 0.3953 0.4859 0.3937
2 0.5047 0.3688 0.5016 0.3719 0.4953 0.3922 0.5016 0.4031 0.5125 0.4031 0.5188 0.3953 0.5203 0.3797 0.5141 0.3688
2 0.4672 0.3422 0.4578 0.3453 0.4547 0.3500 0.4516 0.3594 0.4516 0.3734 0.4547 0.3750 0.4688 0.3750 0.4734 0.3688 0.4750 0.3500 0.4734 0.3453 0.4688 0.3422
2 0.4906 0.3531 0.4828 0.3688 0.4844 0.3797 0.4984 0.3781 0.5031 0.3688 0.5031 0.3594 0.4984 0.3531
2 0.5312 0.3531 0.5203 0.3641 0.5203 0.3781 0.5281 0.3812 0.5359 0.3750 0.5375 0.3688 0.5375 0.3609 0.5328 0.3531
2 0.5469 0.3328 0.5391 0.3422 0.5391 0.3547 0.5453 0.3578 0.5516 0.3547 0.5547 0.3422 0.5500 0.3328
2 0.6266 0.3109 0.6188 0.3266 0.6188 0.3469 0.6219 0.3500 0.6312 0.3500 0.6344 0.3469 0.6359 0.3234 0.6328 0.3109
2 0.4797 0.3328 0.4750 0.3375 0.4750 0.3453 0.4766 0.3547 0.4813 0.3578 0.4859 0.3547 0.4891 0.3484 0.4906 0.3391 0.4875 0.3328
2 0.5062 0.3391 0.5000 0.3469 0.5047 0.3656 0.5141 0.3641 0.5156 0.3609 0.5172 0.3500 0.5125 0.3391
2 0.5047 0.3187 0.4984 0.3250 0.5000 0.3359 0.5094 0.3344 0.5109 0.3250 0.5062 0.3187
2 0.5594 0.3156 0.5531 0.3312 0.5563 0.3391 0.5594 0.3406 0.5656 0.3359 0.5687 0.3266 0.5672 0.3187 0.5625 0.3156
2 0.5375 0.3156 0.5344 0.3187 0.5328 0.3328 0.5391 0.3344 0.5437 0.3297 0.5437 0.3172 0.5391 0.3172
2 0.6094 0.3031 0.6062 0.3047 0.6062 0.3078 0.6094 0.3094 0.6031 0.3109 0.6031 0.3172 0.6078 0.3187 0.6141 0.3156 0.6109 0.3031