2 0.2609 0.6438 0.2437 0.6469 0.2391 0.6500 0.2313 0.6500 0.2234 0.6547 0.2125 0.6672 0.1953 0.6937 0.1891 0.7172 0.1812 0.7328 0.1812 0.7609 0.1844 0.7781 0.2156 0.7797 0.2188 0.7828 0.2266 0.7828 0.2344 0.7766 0.2422 0.7516 0.2437 0.7500 0.2469 0.7562 0.2531 0.7516 0.2812 0.7156 0.2828 0.6750 0.2750 0.6516 0.2672 0.6438
2 0.3672 0.8453 0.3453 0.8484 0.3344 0.8656 0.3234 0.8750 0.3141 0.8906 0.3109 0.8922 0.2891 0.9359 0.2844 0.9703 0.2781 0.9891 0.2797 0.9984 0.3953 0.9984 0.3953 0.9938 0.4000 0.9859 0.4000 0.9781 0.4047 0.9734 0.4062 0.9656 0.4234 0.9516 0.4266 0.9437 0.4297 0.9281 0.4297 0.8812 0.4250 0.8609 0.4203 0.8531 0.3719 0.8453
2 0.3672 0.8453 0.3453 0.8484 0.3187 0.8812 0.3156 0.8891 0.3094 0.8938 0.3031 0.9094 0.2906 0.9297 0.2859 0.9484 0.2844 0.9688 0.2797 0.9781 0.2781 0.9906 0.2734 0.9953 0.2734 0.9984 0.3969 0.9984 0.3969 0.9922 0.4000 0.9891 0.4062 0.9672 0.4156 0.9563 0.4234 0.9516 0.4281 0.9406 0.4297 0.8797 0.4250 0.8703 0.4234 0.8562 0.4203 0.8531 0.3703 0.8453
2 0.6750 0.5016 0.6734 0.5062 0.6656 0.5109 0.6656 0.5578 0.6687 0.5734 0.6719 0.5750 0.6797 0.5719 0.7016 0.5719 0.7078 0.5766 0.7125 0.5750 0.7125 0.5344 0.7094 0.5266 0.7094 0.5156 0.7047 0.5047 0.6984 0.5016
2 0.6578 0.3781 0.6531 0.3875 0.6516 0.4062 0.6547 0.4188 0.6609 0.4203 0.6734 0.4203 0.6781 0.4141 0.6766 0.3859 0.6703 0.3781
2 0.6578 0.3781 0.6516 0.3953 0.6531 0.4156 0.6547 0.4188 0.6703 0.4203 0.6766 0.4188 0.6781 0.4109 0.6766 0.3859 0.6719 0.3781
2 0.5719 0.3750 0.5656 0.3766 0.5609 0.3906 0.5594 0.4016 0.5609 0.4094 0.5641 0.4109 0.5797 0.4109 0.5844 0.4062 0.5859 0.3875 0.5813 0.3766 0.5781 0.3750
2 0.6172 0.3500 0.6141 0.3563 0.6156 0.3797 0.6328 0.3781 0.6344 0.3641 0.6297 0.3500
2 0.5906 0.3391 0.5859 0.3438 0.5828 0.3563 0.5828 0.3625 0.5859 0.3672 0.5984 0.3672 0.6000 0.3641 0.6000 0.3484 0.5984 0.3438 0.5922 0.3391
2 0.6500 0.3453 0.6453 0.3516 0.6438 0.3609 0.6453 0.3703 0.6516 0.3719 0.6609 0.3703 0.6609 0.3500 0.6578 0.3453
2 0.4359 0.4469 0.4266 0.4484 0.4188 0.4547 0.4109 0.4750 0.4109 0.4984 0.4266 0.5016 0.4391 0.5016 0.4531 0.4844 0.4531 0.4562 0.4453 0.4469
2 0.0656 0.6656 0.0328 0.6750 0.0266 0.6828 0.0109 0.6891 0.0000 0.7016 0.0000 0.8469 0.0094 0.8516 0.0172 0.8516 0.0234 0.8484 0.0281 0.8422 0.0359 0.8125 0.0641 0.7844 0.0781 0.7766 0.0813 0.7781 0.0828 0.7844 0.0891 0.7844 0.0969 0.7781 0.1000 0.7719 0.1094 0.7250 0.1047 0.6953 0.1031 0.6891 0.0969 0.6844 0.0875 0.6687 0.0734 0.6656
2 0.0469 0.6188 0.0234 0.6250 0.0000 0.6453 0.0000 0.6984 0.0047 0.6969 0.0109 0.6875 0.0281 0.6828 0.0328 0.6750 0.0563 0.6641 0.0734 0.6625 0.0875 0.6672 0.0891 0.6656 0.0922 0.6484 0.0875 0.6297 0.0766 0.6250 0.0641 0.6250 0.0484 0.6188
2 0.0484 0.6188 0.0234 0.6250 0.0000 0.6453 0.0000 0.6953 0.0047 0.6969 0.0094 0.6875 0.0250 0.6844 0.0328 0.6750 0.0563 0.6641 0.0734 0.6625 0.0875 0.6672 0.0906 0.6656 0.0922 0.6453 0.0891 0.6422 0.0875 0.6297 0.0797 0.6250 0.0641 0.6250 0.0500 0.6203
2 0.0469 0.8484 0.0328 0.8516 0.0000 0.8828 0.0000 0.9984 0.0578 0.9984 0.0594 0.9875 0.0609 0.9984 0.0719 0.9984 0.0938 0.9703 0.1109 0.9406 0.1203 0.9328 0.1250 0.9234 0.1297 0.9203 0.1297 0.8906 0.1234 0.8781 0.1047 0.8625 0.0703 0.8484
2 0.2516 0.5391 0.2484 0.5422 0.2391 0.5422 0.2266 0.5469 0.2188 0.5563 0.2188 0.5625 0.2000 0.5953 0.2000 0.6141 0.2078 0.6266 0.2375 0.6266 0.2437 0.6219 0.2516 0.6078 0.2625 0.6000 0.2719 0.5984 0.2781 0.5781 0.2781 0.5531 0.2750 0.5469 0.2641 0.5391
2 0.2656 0.4734 0.2562 0.4797 0.2406 0.4828 0.2266 0.4984 0.2156 0.5203 0.2156 0.5453 0.2188 0.5531 0.2328 0.5391 0.2453 0.5359 0.2656 0.5375 0.2766 0.5328 0.2812 0.5281 0.2828 0.4859 0.2750 0.4734
2 0.3844 0.4281 0.3750 0.4359 0.3734 0.4422 0.3734 0.4750 0.3766 0.4813 0.3922 0.4813 0.4094 0.4656 0.4094 0.4375 0.4047 0.4313 0.3969 0.4281
2 0.4422 0.3906 0.4375 0.3922 0.4281 0.4109 0.4266 0.4219 0.4313 0.4297 0.4469 0.4297 0.4594 0.4219 0.4609 0.4047 0.4578 0.3969 0.4516 0.3906
2 0.4172 0.3766 0.4078 0.3812 0.4062 0.3891 0.4031 0.3922 0.4016 0.4094 0.4047 0.4125 0.4203 0.4109 0.4297 0.4031 0.4297 0.3828 0.4234 0.3766
2 0.4750 0.3641 0.4672 0.3797 0.4672 0.3891 0.4703 0.3937 0.4844 0.3937 0.4891 0.3891 0.4891 0.3688 0.4844 0.3641
2 0.5047 0.3766 0.5000 0.3797 0.4922 0.3953 0.4922 0.4062 0.4984 0.4109 0.5094 0.4109 0.5172 0.4016 0.5172 0.3812 0.5125 0.3766
2 0.5000 0.3406 0.4938 0.3531 0.4953 0.3641 0.5094 0.3641 0.5125 0.3609 0.5125 0.3469 0.5078 0.3406
2 0.4672 0.3422 0.4578 0.3531 0.4594 0.3656 0.4703 0.3656 0.4781 0.3578 0.4797 0.3516 0.4750 0.3422
2 0.5359 0.3406 0.5297 0.3547 0.5297 0.3609 0.5359 0.3688 0.5422 0.3672 0.5469 0.3578 0.5469 0.3484 0.5422 0.3406
2 0.6516 0.3125 0.6453 0.3172 0.6453 0.3328 0.6500 0.3344 0.6578 0.3328 0.6578 0.3219 0.6531 0.3125
2 0.6281 0.3000 0.6234 0.3047 0.6234 0.3187 0.6312 0.3187 0.6328 0.3156 0.6328 0.3016 0.6297 0.3000
2 0.6016 0.2672 0.5844 0.2750 0.5719 0.2766 0.5531 0.2859 0.5391 0.3016 0.5359 0.3016 0.5437 0.3063 0.5453 0.3156 0.5609 0.3172 0.5719 0.3234 0.5781 0.3203 0.5797 0.3141 0.6125 0.2781 0.6125 0.2703 0.6094 0.2672
2 0.6031 0.2656 0.5844 0.2750 0.5719 0.2766 0.5484 0.2906 0.5422 0.3000 0.5375 0.3016 0.5437 0.3078 0.5422 0.3172 0.5453 0.3187 0.5484 0.3141 0.5516 0.3141 0.5563 0.3187 0.5609 0.3187 0.5719 0.3250 0.5750 0.3234 0.5781 0.3156 0.5969 0.2969 0.5969 0.2938 0.6094 0.2844 0.6188 0.2703 0.6109 0.2656 0.6047 0.2672
1 0.5234 0.3047 0.5156 0.3078 0.5125 0.3125 0.5141 0.3469 0.5312 0.3453 0.5359 0.3344 0.5328 0.3219 0.5344 0.3094 0.5328 0.3063 0.5250 0.3047
1 0.5219 0.3047 0.5156 0.3078 0.5125 0.3125 0.5156 0.3469 0.5266 0.3469 0.5359 0.3344 0.5359 0.3094 0.5281 0.3047