2 0.2000 0.6687 0.1641 0.7016 0.1500 0.7203 0.1375 0.7438 0.1375 0.7547 0.1141 0.7906 0.1141 0.7984 0.1109 0.8047 0.1141 0.8156 0.1141 0.8281 0.1219 0.8453 0.1437 0.8422 0.1547 0.8453 0.1609 0.8516 0.1719 0.8547 0.1812 0.8453 0.1859 0.8328 0.2125 0.8063 0.2344 0.7766 0.2375 0.7672 0.2437 0.7641 0.2484 0.7578 0.2516 0.7422 0.2516 0.7219 0.2469 0.6937 0.2391 0.6766 0.2344 0.6719 0.2203 0.6687
2 0.5781 0.5516 0.5703 0.5531 0.5672 0.5563 0.5625 0.5828 0.5594 0.5875 0.5594 0.6266 0.5672 0.6344 0.5703 0.6312 0.5797 0.6297 0.6047 0.6312 0.6094 0.6219 0.6094 0.5656 0.5984 0.5531 0.5891 0.5516
2 0.6813 0.5797 0.6766 0.5922 0.6719 0.5953 0.6687 0.6094 0.6672 0.6344 0.6719 0.6562 0.6719 0.6734 0.6797 0.6766 0.7188 0.6766 0.7234 0.6797 0.7281 0.6703 0.7281 0.6297 0.7219 0.5969 0.7109 0.5828 0.6937 0.5797
2 0.1562 0.5359 0.1422 0.5375 0.1359 0.5437 0.1219 0.5484 0.0953 0.5734 0.0891 0.5859 0.0891 0.5906 0.0750 0.6078 0.0703 0.6172 0.0703 0.6469 0.0766 0.6562 0.0828 0.6578 0.1266 0.6531 0.1359 0.6375 0.1437 0.6297 0.1547 0.6219 0.1688 0.6188 0.1734 0.6141 0.1812 0.5906 0.1797 0.5625 0.1719 0.5406 0.1594 0.5359
2 0.0172 0.7266 0.0000 0.7297 0.0000 0.8797 0.0047 0.8766 0.0047 0.8719 0.0109 0.8625 0.0172 0.8609 0.0172 0.8578 0.0125 0.8594 0.0078 0.8562 0.0094 0.8516 0.0125 0.8547 0.0250 0.8484 0.0312 0.8422 0.0453 0.8438 0.0531 0.8391 0.0594 0.8266 0.0609 0.7734 0.0578 0.7547 0.0500 0.7469 0.0484 0.7359 0.0437 0.7312 0.0281 0.7266
2 0.0172 0.6250 0.0000 0.6312 0.0000 0.7250 0.0187 0.7203 0.0203 0.7141 0.0250 0.7172 0.0312 0.7172 0.0406 0.7094 0.0422 0.7047 0.0422 0.6953 0.0453 0.6875 0.0453 0.6531 0.0406 0.6391 0.0281 0.6250
2 0.3453 0.5422 0.3375 0.5453 0.3281 0.5547 0.3266 0.5609 0.3172 0.5734 0.3172 0.5813 0.3094 0.5938 0.3063 0.6109 0.3109 0.6344 0.3438 0.6344 0.3500 0.6234 0.3516 0.5875 0.3484 0.5828 0.3516 0.5516 0.3500 0.5437 0.3469 0.5437
2 0.2437 0.4656 0.2078 0.4875 0.2000 0.5062 0.1859 0.5266 0.1859 0.5594 0.1922 0.5703 0.2031 0.5672 0.2219 0.5687 0.2250 0.5656 0.2281 0.5469 0.2359 0.5297 0.2375 0.5016 0.2484 0.4844 0.2469 0.4656
2 0.3953 0.4719 0.3781 0.4813 0.3750 0.4875 0.3750 0.5406 0.3875 0.5563 0.3984 0.5563 0.4062 0.5422 0.4203 0.5297 0.4203 0.4891 0.4156 0.4734 0.4125 0.4719
2 0.3891 0.4219 0.3828 0.4266 0.3734 0.4500 0.3750 0.4703 0.3781 0.4781 0.3859 0.4719 0.4125 0.4703 0.4156 0.4672 0.4172 0.4375 0.4125 0.4250 0.4078 0.4219
2 0.5547 0.4266 0.5453 0.4328 0.5406 0.4500 0.5406 0.4688 0.5437 0.4797 0.5563 0.4766 0.5687 0.4781 0.5719 0.4734 0.5734 0.4375 0.5641 0.4266
2 0.5859 0.3531 0.5797 0.3563 0.5781 0.3625 0.5781 0.3781 0.5859 0.3812 0.5953 0.3797 0.5969 0.3750 0.5969 0.3609 0.5922 0.3547 0.5875 0.3531
2 0.6531 0.3375 0.6484 0.3391 0.6453 0.3438 0.6453 0.3609 0.6531 0.3641 0.6609 0.3609 0.6609 0.3406 0.6547 0.3391
2 0.6219 0.3234 0.6188 0.3281 0.6188 0.3438 0.6219 0.3453 0.6297 0.3453 0.6312 0.3422 0.6312 0.3266 0.6250 0.3234
2 0.6016 0.3125 0.5984 0.3141 0.5984 0.3297 0.6094 0.3281 0.6109 0.3172 0.6078 0.3125
2 0.6250 0.3047 0.6219 0.3094 0.6234 0.3234 0.6328 0.3219 0.6328 0.3094 0.6281 0.3047
2 0.4656 0.4250 0.4609 0.4281 0.4578 0.4344 0.4578 0.4578 0.4656 0.4609 0.4719 0.4594 0.4781 0.4562 0.4859 0.4469 0.4891 0.4391 0.4891 0.4297 0.4703 0.4297
2 0.4266 0.4062 0.4188 0.4172 0.4188 0.4328 0.4219 0.4406 0.4437 0.4406 0.4516 0.4313 0.4516 0.4234 0.4547 0.4203 0.4547 0.4156 0.4500 0.4172 0.4469 0.4094 0.4328 0.4094 0.4281 0.4062
2 0.4297 0.3688 0.4188 0.3703 0.4094 0.3859 0.4094 0.4016 0.4156 0.4047 0.4234 0.4016 0.4328 0.3859 0.4359 0.3734 0.4313 0.3688
2 0.4500 0.3766 0.4437 0.3812 0.4422 0.3891 0.4547 0.3953 0.4578 0.4062 0.4625 0.4125 0.4672 0.4062 0.4703 0.3937 0.4609 0.3766 0.4516 0.3766
2 0.4891 0.3828 0.4859 0.3844 0.4797 0.4047 0.4891 0.4141 0.4938 0.4250 0.4984 0.4250 0.5062 0.4141 0.5078 0.3984 0.5016 0.3875 0.5016 0.3828
1 0.2984 0.4031 0.2734 0.4156 0.2500 0.4313 0.2500 0.4625 0.2437 0.4672 0.2484 0.4719 0.2484 0.4781 0.2437 0.4813 0.2437 0.4875 0.2391 0.4938 0.2344 0.5391 0.2281 0.5469 0.2250 0.5625 0.2281 0.5891 0.2313 0.6016 0.2344 0.6047 0.2406 0.6031 0.2484 0.5953 0.2641 0.5922 0.2734 0.5938 0.2812 0.6031 0.2859 0.6031 0.2938 0.5969 0.2953 0.5844 0.3047 0.5766 0.3125 0.5766 0.3125 0.5719 0.3172 0.5703 0.3250 0.5594 0.3281 0.5484 0.3406 0.5391 0.3438 0.5156 0.3469 0.5109 0.3500 0.4953 0.3516 0.4234 0.3500 0.4109 0.3469 0.4062 0.3266 0.4031
1 0.6453 0.2766 0.6422 0.3109 0.6438 0.3234 0.6578 0.3234 0.6609 0.3125 0.6609 0.2812 0.6578 0.2766 0.6500 0.2766