2 0.2922 0.6109 0.2703 0.6188 0.2531 0.6328 0.2391 0.6562 0.2375 0.6703 0.2328 0.6734 0.2266 0.6875 0.2234 0.7031 0.2250 0.7266 0.2313 0.7328 0.2469 0.7328 0.2547 0.7359 0.2672 0.7328 0.2797 0.7172 0.2828 0.7078 0.3047 0.6828 0.3109 0.6703 0.3109 0.6656 0.3234 0.6578 0.3219 0.6266 0.3187 0.6203 0.3141 0.6156 0.3000 0.6141 0.2953 0.6109
2 0.2969 0.5203 0.2781 0.5234 0.2656 0.5328 0.2641 0.5422 0.2578 0.5500 0.2484 0.5703 0.2500 0.5938 0.2547 0.6000 0.2672 0.5969 0.2859 0.5969 0.3016 0.5797 0.3141 0.5734 0.3187 0.5578 0.3187 0.5297 0.3125 0.5234 0.3000 0.5203
2 0.2422 0.4828 0.2281 0.4844 0.2156 0.4891 0.2000 0.5094 0.1984 0.5172 0.1891 0.5344 0.1891 0.5563 0.1953 0.5641 0.2062 0.5609 0.2297 0.5609 0.2391 0.5469 0.2469 0.5437 0.2531 0.5453 0.2578 0.5422 0.2609 0.5359 0.2609 0.5062 0.2547 0.4875 0.2469 0.4828
2 0.0797 0.5750 0.0375 0.5953 0.0219 0.6125 0.0203 0.6219 0.0109 0.6406 0.0000 0.6516 0.0000 0.7125 0.0141 0.7125 0.0203 0.7156 0.0297 0.7094 0.0359 0.6984 0.0594 0.6937 0.0672 0.6891 0.0750 0.6891 0.0750 0.6859 0.0906 0.6734 0.1016 0.6672 0.1094 0.6672 0.1172 0.6609 0.1234 0.6375 0.1250 0.6031 0.1203 0.5953 0.1187 0.5844 0.1141 0.5781 0.1062 0.5750
2 0.0641 0.6937 0.0594 0.7016 0.0547 0.7000 0.0359 0.7047 0.0203 0.7203 0.0203 0.7234 0.0125 0.7281 0.0078 0.7406 0.0000 0.7453 0.0000 0.7484 0.0031 0.7500 0.0000 0.7547 0.0000 0.8531 0.0031 0.8547 0.0312 0.8531 0.0406 0.8438 0.0500 0.8297 0.0500 0.8250 0.0594 0.8141 0.0641 0.8141 0.0953 0.7828 0.1062 0.7797 0.1109 0.7750 0.1203 0.7422 0.1187 0.7063 0.1156 0.7000 0.1016 0.7000 0.0703 0.6937
2 0.3234 0.4453 0.3094 0.4469 0.3031 0.4500 0.2969 0.4609 0.2875 0.4859 0.2906 0.4984 0.2938 0.5000 0.3141 0.5000 0.3187 0.4953 0.3266 0.4750 0.3375 0.4594 0.3375 0.4516 0.3266 0.4453
2 0.3438 0.4625 0.3344 0.4656 0.3297 0.4703 0.3266 0.4844 0.3172 0.4969 0.3156 0.5062 0.3172 0.5219 0.3203 0.5250 0.3453 0.5266 0.3484 0.5250 0.3500 0.5156 0.3484 0.4625
2 0.4031 0.4859 0.3937 0.4891 0.3859 0.5031 0.3797 0.5094 0.3766 0.5234 0.3766 0.5437 0.3797 0.5516 0.3953 0.5547 0.4047 0.5531 0.4078 0.5500 0.4125 0.5391 0.4266 0.5234 0.4313 0.5141 0.4313 0.5031 0.4250 0.4891 0.4062 0.4859
2 0.4594 0.4203 0.4484 0.4219 0.4453 0.4250 0.4375 0.4391 0.4344 0.4547 0.4344 0.4656 0.4375 0.4734 0.4500 0.4734 0.4578 0.4766 0.4656 0.4719 0.4656 0.4672 0.4734 0.4562 0.4734 0.4344 0.4703 0.4203
2 0.4094 0.4062 0.4000 0.4156 0.4000 0.4219 0.3953 0.4328 0.3953 0.4484 0.4000 0.4562 0.4250 0.4547 0.4313 0.4500 0.4359 0.4359 0.4359 0.4188 0.4297 0.4062
2 0.4625 0.3719 0.4516 0.3797 0.4453 0.3922 0.4453 0.4062 0.4500 0.4125 0.4703 0.4109 0.4734 0.4062 0.4734 0.3766 0.4656 0.3719
2 0.5031 0.3937 0.4938 0.3984 0.4859 0.4109 0.4844 0.4250 0.4859 0.4313 0.4891 0.4328 0.4969 0.4313 0.5094 0.4188 0.5141 0.4000 0.5047 0.3937
2 0.6562 0.4016 0.6500 0.4188 0.6500 0.4359 0.6531 0.4469 0.6594 0.4484 0.6766 0.4469 0.6781 0.4109 0.6719 0.4016
2 0.6500 0.3234 0.6453 0.3250 0.6406 0.3312 0.6422 0.3469 0.6562 0.3484 0.6578 0.3453 0.6578 0.3297 0.6547 0.3250 0.6516 0.3250
2 0.6109 0.3172 0.6109 0.3375 0.6219 0.3359 0.6234 0.3219 0.6203 0.3172
2 0.5125 0.3609 0.5031 0.3719 0.5031 0.3875 0.5172 0.3984 0.5266 0.3859 0.5266 0.3688 0.5234 0.3609
2 0.4234 0.3641 0.4188 0.3656 0.4141 0.3719 0.4094 0.3906 0.4109 0.4000 0.4281 0.4000 0.4313 0.3969 0.4328 0.3875 0.4406 0.3797 0.4344 0.3641
2 0.3828 0.4000 0.3734 0.4031 0.3719 0.4062 0.3719 0.4266 0.3750 0.4406 0.3844 0.4406 0.3891 0.4344 0.3906 0.4234 0.3953 0.4203 0.3969 0.4062 0.3922 0.4000
2 0.5797 0.2766 0.5766 0.2844 0.5703 0.2828 0.5719 0.2781 0.5641 0.2781 0.5547 0.2891 0.5437 0.2906 0.5344 0.3016 0.5250 0.3063 0.5219 0.3094 0.5250 0.3109 0.5297 0.3094 0.5328 0.3125 0.5359 0.3094 0.5391 0.3125 0.5391 0.3172 0.5359 0.3203 0.5328 0.3187 0.5281 0.3266 0.5172 0.3234 0.5141 0.3172 0.5094 0.3172 0.5094 0.3203 0.5016 0.3250 0.5062 0.3297 0.5047 0.3328 0.5016 0.3328 0.4984 0.3281 0.4906 0.3281 0.4828 0.3328 0.4797 0.3375 0.4813 0.3578 0.4781 0.3609 0.4828 0.3609 0.4813 0.3563 0.4859 0.3516 0.5000 0.3516 0.5016 0.3438 0.5125 0.3406 0.5125 0.3563 0.5203 0.3531 0.5250 0.3563 0.5312 0.3500 0.5406 0.3531 0.5359 0.3594 0.5359 0.3703 0.5500 0.3563 0.5547 0.3484 0.5531 0.3453 0.5594 0.3406 0.5516 0.3297 0.5531 0.3203 0.5672 0.3078 0.5703 0.3109 0.5766 0.3094 0.5734 0.3016 0.5797 0.3016 0.5781 0.2984 0.5813 0.2953 0.5813 0.2875 0.5891 0.2859 0.5828 0.2859 0.5797 0.2797
2 0.5750 0.2750 0.5672 0.2812 0.5641 0.2797 0.5594 0.2828 0.5531 0.2906 0.5437 0.2906 0.5344 0.3016 0.5281 0.3031 0.5219 0.3094 0.5312 0.3125 0.5375 0.3094 0.5391 0.3203 0.5359 0.3234 0.5328 0.3187 0.5297 0.3219 0.5203 0.3234 0.5156 0.3156 0.5094 0.3156 0.5047 0.3234 0.5016 0.3234 0.4969 0.3281 0.4891 0.3281 0.4781 0.3375 0.4813 0.3438 0.4797 0.3625 0.4828 0.3609 0.4828 0.3547 0.4859 0.3516 0.4984 0.3531 0.4984 0.3609 0.5078 0.3609 0.5156 0.3563 0.5250 0.3563 0.5281 0.3516 0.5328 0.3500 0.5406 0.3563 0.5344 0.3594 0.5328 0.3719 0.5359 0.3719 0.5516 0.3563 0.5516 0.3531 0.5563 0.3500 0.5563 0.3453 0.5641 0.3391 0.5766 0.3203 0.5813 0.3172 0.5859 0.3063 0.5922 0.3016 0.5922 0.2969 0.5984 0.2922 0.6016 0.2859 0.6000 0.2797 0.5969 0.2781 0.5922 0.2797 0.5875 0.2766 0.5828 0.2781 0.5766 0.2750