2 0.8359 0.7234 0.8141 0.7281 0.8016 0.7484 0.7984 0.7578 0.8000 0.7688 0.7953 0.7828 0.8000 0.8203 0.8031 0.8250 0.8063 0.8234 0.8094 0.8266 0.8156 0.8375 0.8172 0.8469 0.8641 0.9109 0.8641 0.9281 0.8672 0.9234 0.8703 0.9234 0.8734 0.9297 0.8812 0.9359 0.8797 0.9375 0.9031 0.9563 0.9281 0.9547 0.9313 0.9500 0.9578 0.9469 0.9625 0.9375 0.9656 0.9172 0.9641 0.8859 0.9547 0.8625 0.9500 0.8609 0.9453 0.8547 0.9453 0.8500 0.9359 0.8328 0.9313 0.8141 0.9234 0.8094 0.9109 0.7828 0.9047 0.7781 0.8891 0.7547 0.8688 0.7391 0.8594 0.7281 0.8484 0.7234
2 0.9422 0.6906 0.9344 0.6969 0.9187 0.7266 0.9172 0.7609 0.9250 0.8000 0.9281 0.8094 0.9422 0.8187 0.9500 0.8141 0.9594 0.8156 0.9688 0.8234 0.9766 0.8344 0.9875 0.8406 0.9875 0.8453 0.9969 0.8547 0.9984 0.7219 0.9906 0.7188 0.9875 0.7125 0.9797 0.7125 0.9703 0.7063 0.9625 0.6969 0.9516 0.6953 0.9453 0.6906
2 0.6719 0.5625 0.6609 0.5656 0.6562 0.5734 0.6531 0.6297 0.6578 0.6344 0.6578 0.6375 0.6813 0.6594 0.6922 0.6813 0.6984 0.6844 0.7312 0.6813 0.7375 0.6719 0.7375 0.6453 0.7266 0.6188 0.7266 0.6109 0.7203 0.6031 0.7203 0.5984 0.7109 0.5828 0.7000 0.5719 0.6859 0.5625
2 0.7906 0.5625 0.7875 0.5813 0.7906 0.5906 0.7937 0.5922 0.8031 0.5922 0.8094 0.5875 0.8000 0.5813 0.8016 0.5750 0.7984 0.5625
2 0.7688 0.4984 0.7641 0.5016 0.7578 0.5172 0.7562 0.5469 0.7578 0.5594 0.7625 0.5672 0.7766 0.5672 0.7953 0.5922 0.8234 0.5922 0.8297 0.5953 0.8344 0.5953 0.8391 0.5875 0.8422 0.5703 0.8406 0.5563 0.8313 0.5437 0.8297 0.5359 0.8187 0.5172 0.8047 0.5047 0.7906 0.4984
2 0.6625 0.4813 0.6594 0.4984 0.6562 0.5031 0.6578 0.5375 0.6609 0.5422 0.6703 0.5437 0.6813 0.5609 0.6859 0.5563 0.7125 0.5578 0.7156 0.5547 0.7203 0.5359 0.7188 0.5250 0.7125 0.5188 0.7063 0.5016 0.6969 0.4875 0.6922 0.4844 0.6734 0.4844 0.6703 0.4813
2 0.6828 0.4500 0.6719 0.4562 0.6719 0.4750 0.6813 0.4750 0.6922 0.4828 0.7125 0.5062 0.7188 0.5047 0.7219 0.4984 0.7203 0.4797 0.7063 0.4547 0.6969 0.4500
2 0.5703 0.4703 0.5625 0.4828 0.5609 0.5062 0.5734 0.5219 0.5828 0.5406 0.5906 0.5453 0.6047 0.5437 0.6094 0.5406 0.6109 0.5156 0.6078 0.5094 0.6062 0.4938 0.6000 0.4813 0.5922 0.4734 0.5844 0.4703
2 0.4500 0.4500 0.4437 0.4547 0.4406 0.4609 0.4391 0.4734 0.4406 0.4938 0.4484 0.5062 0.4547 0.5016 0.4656 0.5016 0.4703 0.5062 0.4750 0.5047 0.4781 0.4984 0.4734 0.4578 0.4719 0.4531 0.4672 0.4500
2 0.3141 0.5547 0.2969 0.5563 0.2844 0.5609 0.2797 0.5656 0.2734 0.5797 0.2719 0.6047 0.2672 0.6203 0.2672 0.6469 0.2703 0.6844 0.2750 0.6969 0.2984 0.6891 0.3234 0.6891 0.3328 0.6969 0.3359 0.6906 0.3391 0.6687 0.3375 0.6516 0.3406 0.6438 0.3391 0.5781 0.3328 0.5594 0.3297 0.5563 0.3156 0.5547
2 0.3328 0.3609 0.3297 0.3656 0.3281 0.3828 0.3312 0.3969 0.3484 0.3953 0.3500 0.3922 0.3500 0.3688 0.3438 0.3609
2 0.3719 0.3516 0.3672 0.3594 0.3672 0.3734 0.3719 0.3828 0.3844 0.3828 0.3859 0.3797 0.3875 0.3641 0.3828 0.3516
2 0.4125 0.3609 0.4062 0.3688 0.4047 0.3844 0.4094 0.3922 0.4172 0.3937 0.4234 0.3937 0.4266 0.3906 0.4250 0.3688 0.4234 0.3641 0.4188 0.3609
2 0.3422 0.3172 0.3391 0.3219 0.3406 0.3391 0.3516 0.3375 0.3500 0.3172
2 0.3703 0.3156 0.3672 0.3172 0.3688 0.3344 0.3781 0.3344 0.3781 0.3187 0.3750 0.3156
2 0.3922 0.3141 0.3891 0.3203 0.3906 0.3375 0.4031 0.3359 0.4016 0.3187 0.3984 0.3141
2 0.5391 0.4234 0.5344 0.4281 0.5312 0.4391 0.5312 0.4578 0.5344 0.4688 0.5437 0.4797 0.5594 0.4781 0.5734 0.4656 0.5719 0.4453 0.5625 0.4359 0.5594 0.4281 0.5531 0.4234
2 0.5891 0.4203 0.5797 0.4281 0.5797 0.4500 0.5828 0.4562 0.5922 0.4656 0.5969 0.4672 0.6156 0.4672 0.6203 0.4609 0.6188 0.4375 0.6141 0.4266 0.6062 0.4203
2 0.5766 0.3875 0.5734 0.3969 0.5734 0.4125 0.5750 0.4188 0.5828 0.4219 0.5906 0.4188 0.6031 0.4188 0.6047 0.4078 0.6031 0.4031 0.5922 0.3953 0.5922 0.3922 0.5828 0.3906 0.5813 0.3937 0.5781 0.3937 0.5766 0.3906 0.5797 0.3875
2 0.5359 0.3859 0.5328 0.3875 0.5328 0.3937 0.5281 0.4000 0.5328 0.4078 0.5359 0.4234 0.5578 0.4203 0.5594 0.4078 0.5563 0.3969 0.5453 0.3859
2 0.5094 0.4000 0.5047 0.4094 0.5031 0.4313 0.5109 0.4406 0.5266 0.4406 0.5312 0.4344 0.5312 0.4172 0.5281 0.4047 0.5234 0.4000
2 0.4813 0.3703 0.4766 0.3719 0.4734 0.3766 0.4734 0.3922 0.4859 0.4047 0.4938 0.4031 0.4969 0.3875 0.4906 0.3734 0.4828 0.3703
2 0.5172 0.3672 0.5094 0.3797 0.5094 0.3875 0.5141 0.3969 0.5219 0.3984 0.5281 0.3953 0.5328 0.3844 0.5281 0.3688 0.5234 0.3672
2 0.5359 0.3500 0.5328 0.3578 0.5328 0.3750 0.5359 0.3812 0.5484 0.3844 0.5547 0.3828 0.5578 0.3750 0.5547 0.3578 0.5484 0.3500
2 0.4828 0.3391 0.4766 0.3422 0.4766 0.3547 0.4781 0.3609 0.4875 0.3656 0.4953 0.3641 0.4969 0.3609 0.4969 0.3531 0.4922 0.3453 0.4922 0.3406 0.4891 0.3391
2 0.4578 0.3438 0.4547 0.3469 0.4547 0.3625 0.4578 0.3703 0.4656 0.3750 0.4703 0.3719 0.4703 0.3531 0.4672 0.3469 0.4609 0.3438
2 0.5156 0.3359 0.5109 0.3484 0.5156 0.3625 0.5297 0.3609 0.5328 0.3484 0.5250 0.3359
2 0.3875 0.2703 0.3859 0.2750 0.4078 0.2984 0.4078 0.3016 0.4219 0.3187 0.4250 0.3297 0.4344 0.3359 0.4391 0.3344 0.4437 0.3453 0.4500 0.3453 0.4500 0.3344 0.4406 0.3312 0.4437 0.3266 0.4500 0.3250 0.4625 0.3344 0.4672 0.3344 0.4734 0.3297 0.4781 0.3328 0.4906 0.3344 0.4969 0.3297 0.4938 0.3187 0.4859 0.3094 0.4813 0.3094 0.4703 0.3016 0.4516 0.2938 0.4437 0.2891 0.4375 0.2812 0.4281 0.2766 0.4141 0.2766 0.4078 0.2703 0.4031 0.2703 0.3969 0.2750 0.3891 0.2719
2 0.3875 0.2672 0.3828 0.2703 0.3828 0.2734 0.4016 0.2922 0.4031 0.2984 0.4172 0.3125 0.4172 0.3156 0.4234 0.3219 0.4250 0.3297 0.4344 0.3359 0.4422 0.3203 0.4453 0.3250 0.4516 0.3234 0.4594 0.3328 0.4703 0.3328 0.4734 0.3297 0.4859 0.3344 0.4906 0.3328 0.4969 0.3281 0.4938 0.3187 0.4891 0.3156 0.4859 0.3094 0.4781 0.3094 0.4703 0.3016 0.4516 0.2938 0.4234 0.2734 0.4172 0.2750 0.4109 0.2687 0.4016 0.2687 0.3969 0.2719 0.3891 0.2687
1 0.3641 0.2734 0.3594 0.2781 0.3594 0.2844 0.3609 0.3094 0.3656 0.3141 0.3750 0.3125 0.3766 0.2969 0.3766 0.2781 0.3750 0.2750 0.3656 0.2734