2 0.2484 0.6094 0.2375 0.6188 0.2406 0.6219 0.2391 0.6234 0.2266 0.6266 0.2203 0.6375 0.2125 0.6422 0.2094 0.6516 0.2031 0.6562 0.2016 0.6687 0.1906 0.6859 0.1797 0.7188 0.1875 0.7453 0.1922 0.7484 0.2172 0.7484 0.2391 0.7438 0.2437 0.7500 0.2484 0.7469 0.2484 0.7406 0.2531 0.7328 0.2578 0.7125 0.2609 0.7094 0.2672 0.7094 0.2719 0.7031 0.2781 0.7000 0.2859 0.7000 0.2859 0.6875 0.2891 0.6844 0.2906 0.6719 0.2875 0.6562 0.2906 0.6500 0.2891 0.6422 0.2922 0.6375 0.2812 0.6156 0.2719 0.6094
2 0.0406 0.7156 0.0344 0.7203 0.0234 0.7234 0.0094 0.7344 0.0000 0.7453 0.0000 0.9984 0.0344 0.9984 0.0484 0.9844 0.0484 0.9812 0.0594 0.9688 0.0609 0.9625 0.0672 0.9578 0.0688 0.9516 0.0781 0.9437 0.0844 0.9469 0.0938 0.9469 0.1031 0.9375 0.1078 0.9250 0.1141 0.8641 0.1141 0.8266 0.1109 0.8094 0.1047 0.8031 0.1000 0.7859 0.1047 0.7719 0.1000 0.7516 0.1031 0.7328 0.0984 0.7266 0.0750 0.7188 0.0656 0.7250 0.0563 0.7234 0.0500 0.7297 0.0437 0.7297 0.0344 0.7375 0.0312 0.7375 0.0297 0.7312 0.0328 0.7281 0.0437 0.7266 0.0484 0.7172 0.0609 0.7156 0.0453 0.7156
2 0.1313 0.5672 0.1031 0.5797 0.0969 0.5922 0.0922 0.5953 0.0891 0.6047 0.0766 0.6188 0.0703 0.6328 0.0688 0.6438 0.0750 0.6547 0.0750 0.6609 0.0813 0.6641 0.1094 0.6641 0.1219 0.6609 0.1328 0.6469 0.1656 0.6234 0.1703 0.6109 0.1703 0.5781 0.1656 0.5719 0.1500 0.5672
2 0.2469 0.5469 0.2156 0.5531 0.2000 0.5719 0.1984 0.5797 0.1891 0.5938 0.1844 0.6094 0.1844 0.6219 0.1922 0.6344 0.2156 0.6344 0.2328 0.6156 0.2391 0.6141 0.2453 0.6078 0.2641 0.6016 0.2687 0.5828 0.2687 0.5641 0.2672 0.5531 0.2562 0.5469
2 0.3406 0.5516 0.3312 0.5563 0.3187 0.5703 0.3078 0.5875 0.3078 0.5953 0.3000 0.6109 0.3016 0.6375 0.3078 0.6422 0.3141 0.6406 0.3266 0.6438 0.3328 0.6438 0.3375 0.6406 0.3484 0.6219 0.3484 0.5516
2 0.5203 0.4891 0.5125 0.4969 0.5047 0.5234 0.5047 0.5406 0.5062 0.5453 0.5125 0.5500 0.5172 0.5469 0.5406 0.5484 0.5484 0.5344 0.5500 0.5078 0.5406 0.4891
2 0.5828 0.5734 0.5672 0.5766 0.5656 0.5875 0.5563 0.6094 0.5531 0.6266 0.5531 0.6500 0.5563 0.6672 0.5594 0.6703 0.5656 0.6672 0.5922 0.6672 0.5969 0.6703 0.6094 0.6703 0.6125 0.6344 0.6125 0.5875 0.6062 0.5828 0.6031 0.5750 0.5844 0.5734
2 0.4313 0.4375 0.4188 0.4437 0.4109 0.4609 0.4047 0.4906 0.4047 0.4953 0.4109 0.5000 0.4391 0.5000 0.4406 0.4953 0.4500 0.4859 0.4484 0.4797 0.4516 0.4688 0.4516 0.4469 0.4469 0.4391 0.4422 0.4375
2 0.4656 0.4172 0.4609 0.4188 0.4516 0.4391 0.4547 0.4641 0.4703 0.4641 0.4844 0.4437 0.4844 0.4281 0.4813 0.4219 0.4734 0.4172
2 0.5719 0.3844 0.5672 0.3875 0.5625 0.3984 0.5625 0.4156 0.5656 0.4188 0.5797 0.4188 0.5859 0.4125 0.5859 0.3922 0.5813 0.3859 0.5750 0.3844
2 0.6125 0.3703 0.6094 0.3797 0.6109 0.4016 0.6250 0.4016 0.6281 0.3969 0.6281 0.3766 0.6234 0.3703
2 0.6219 0.3281 0.6188 0.3297 0.6141 0.3406 0.6156 0.3484 0.6203 0.3516 0.6312 0.3500 0.6328 0.3453 0.6328 0.3359 0.6266 0.3281
2 0.4000 0.3906 0.3875 0.4000 0.3859 0.4109 0.3828 0.4156 0.3859 0.4281 0.4016 0.4281 0.4141 0.4188 0.4156 0.4031 0.4141 0.3969 0.4078 0.3906
2 0.4297 0.3953 0.4234 0.3984 0.4156 0.4188 0.4172 0.4344 0.4203 0.4391 0.4297 0.4359 0.4406 0.4359 0.4484 0.4266 0.4469 0.4016 0.4437 0.3969 0.4391 0.3953
2 0.5047 0.3828 0.5000 0.3844 0.4891 0.4016 0.4906 0.4172 0.5047 0.4172 0.5141 0.4031 0.5109 0.3875 0.5062 0.3844
2 0.4734 0.3672 0.4625 0.3781 0.4625 0.4000 0.4781 0.4000 0.4828 0.3953 0.4844 0.3812 0.4813 0.3766 0.4813 0.3703 0.4766 0.3672
2 0.4984 0.3500 0.4891 0.3594 0.4891 0.3734 0.4953 0.3766 0.5031 0.3750 0.5062 0.3688 0.5062 0.3547 0.5031 0.3500
2 0.5203 0.3563 0.5188 0.3609 0.5094 0.3672 0.5062 0.3766 0.5094 0.3797 0.5172 0.3750 0.5234 0.3859 0.5281 0.3844 0.5297 0.3703 0.5219 0.3609 0.5219 0.3578
2 0.6094 0.2687 0.5828 0.2719 0.5703 0.2781 0.5609 0.2891 0.5422 0.2953 0.5391 0.3125 0.5359 0.3156 0.5328 0.3109 0.5281 0.3156 0.5281 0.3187 0.5219 0.3234 0.5172 0.3172 0.5125 0.3172 0.5047 0.3219 0.4969 0.3219 0.4906 0.3375 0.4938 0.3453 0.4969 0.3484 0.5016 0.3484 0.5094 0.3609 0.5156 0.3609 0.5156 0.3563 0.5203 0.3547 0.5266 0.3563 0.5391 0.3672 0.5578 0.3484 0.5625 0.3359 0.5750 0.3234 0.5859 0.3063 0.6141 0.2781 0.6141 0.2719 0.6109 0.2687
2 0.3453 0.4156 0.3328 0.4344 0.3328 0.4609 0.3484 0.4594 0.3484 0.4156
2 0.6031 0.3141 0.5984 0.3187 0.5984 0.3328 0.6094 0.3328 0.6094 0.3172 0.6047 0.3156
2 0.6469 0.2875 0.6422 0.2984 0.6438 0.3078 0.6531 0.3063 0.6531 0.2938 0.6500 0.2875
1 0.2828 0.3937 0.2328 0.4188 0.2344 0.4469 0.2281 0.4547 0.2250 0.4672 0.2250 0.5125 0.2328 0.5281 0.2375 0.5312 0.2453 0.5250 0.2594 0.5250 0.2672 0.5312 0.2797 0.5062 0.2922 0.5000 0.3031 0.5047 0.3078 0.4953 0.3125 0.4922 0.3141 0.4766 0.3172 0.4734 0.3219 0.4734 0.3281 0.4562 0.3266 0.4109 0.3234 0.3937
1 0.4313 0.3406 0.4266 0.3453 0.4219 0.3688 0.4234 0.3937 0.4359 0.3922 0.4469 0.3953 0.4516 0.3922 0.4609 0.3766 0.4625 0.3609 0.4531 0.3609 0.4531 0.3469 0.4437 0.3422 0.4328 0.3406