2 0.2500 0.6234 0.2344 0.6312 0.2234 0.6438 0.2125 0.6625 0.2094 0.6641 0.2062 0.6781 0.1922 0.7000 0.1906 0.7203 0.1938 0.7422 0.2000 0.7484 0.2219 0.7500 0.2375 0.7500 0.2453 0.7453 0.2516 0.7469 0.2594 0.7391 0.2609 0.7281 0.2687 0.7203 0.2734 0.7109 0.2844 0.7016 0.2906 0.7000 0.2984 0.6891 0.2984 0.6422 0.2953 0.6328 0.2828 0.6266 0.2609 0.6234
2 0.5984 0.5359 0.5938 0.5375 0.5859 0.5484 0.5859 0.5672 0.5828 0.5750 0.5828 0.6062 0.5875 0.6109 0.5922 0.6109 0.5953 0.6078 0.6188 0.6078 0.6266 0.6109 0.6312 0.6031 0.6312 0.5750 0.6266 0.5437 0.6219 0.5375 0.6172 0.5359
2 0.6969 0.7937 0.6937 0.7969 0.6844 0.7984 0.6781 0.8094 0.6797 0.8734 0.6844 0.9031 0.6875 0.9078 0.6875 0.9828 0.6891 0.9938 0.6922 0.9984 0.7844 0.9984 0.7875 0.9828 0.7906 0.9250 0.7875 0.9078 0.7828 0.9031 0.7797 0.8938 0.7797 0.8828 0.7734 0.8531 0.7734 0.8438 0.7781 0.8406 0.7781 0.8375 0.7734 0.8375 0.7766 0.8344 0.7766 0.8234 0.7703 0.8141 0.7625 0.8156 0.7594 0.8094 0.7531 0.8078 0.7453 0.8000 0.7266 0.7937
2 0.1109 0.8016 0.1062 0.8047 0.0938 0.8031 0.0906 0.8063 0.0797 0.8063 0.0797 0.8187 0.0766 0.8234 0.0484 0.8344 0.0453 0.8391 0.0297 0.8438 0.0109 0.8609 0.0047 0.8703 0.0000 0.8719 0.0000 0.9984 0.0641 0.9984 0.0641 0.9922 0.0703 0.9781 0.1016 0.9344 0.1187 0.9156 0.1281 0.9125 0.1359 0.9062 0.1437 0.8594 0.1422 0.8250 0.1375 0.8094 0.1203 0.8016
2 0.0437 0.6969 0.0250 0.7000 0.0156 0.7078 0.0125 0.7156 0.0000 0.7188 0.0000 0.8625 0.0047 0.8547 0.0172 0.8562 0.0344 0.8375 0.0375 0.8375 0.0344 0.8313 0.0391 0.8234 0.0437 0.8219 0.0594 0.8063 0.0656 0.8047 0.0703 0.7953 0.0781 0.7875 0.0938 0.7812 0.0984 0.7766 0.1031 0.7625 0.1031 0.7500 0.1062 0.7469 0.1062 0.7125 0.0969 0.6984 0.0844 0.6969
2 0.5437 0.4328 0.5359 0.4391 0.5312 0.4500 0.5297 0.4781 0.5344 0.4859 0.5563 0.4859 0.5609 0.4828 0.5641 0.4750 0.5656 0.4469 0.5641 0.4422 0.5531 0.4328
2 0.4297 0.4594 0.4188 0.4625 0.4109 0.4703 0.4000 0.4906 0.3953 0.5062 0.3953 0.5188 0.4000 0.5297 0.4219 0.5281 0.4297 0.5188 0.4344 0.5047 0.4422 0.5016 0.4484 0.4938 0.4453 0.4641 0.4437 0.4609 0.4328 0.4594
2 0.3203 0.4734 0.3047 0.4859 0.2984 0.5047 0.2891 0.5203 0.2859 0.5406 0.2922 0.5594 0.3031 0.5563 0.3297 0.5594 0.3344 0.5484 0.3469 0.5406 0.3484 0.4844 0.3453 0.4750 0.3422 0.4734
2 0.0594 0.5734 0.0484 0.5766 0.0000 0.6047 0.0000 0.7109 0.0031 0.7125 0.0125 0.7094 0.0141 0.7047 0.0250 0.6953 0.0531 0.6922 0.0563 0.6875 0.0594 0.6891 0.0641 0.6813 0.0719 0.6781 0.0828 0.6844 0.0953 0.6750 0.0953 0.6531 0.1047 0.6375 0.1062 0.6109 0.0984 0.5859 0.0938 0.5781 0.0875 0.5734
2 0.1672 0.5406 0.1531 0.5484 0.1437 0.5703 0.1422 0.5719 0.1375 0.5687 0.1375 0.5719 0.1297 0.5781 0.1219 0.5938 0.1219 0.6125 0.1266 0.6266 0.1562 0.6266 0.1594 0.6047 0.1672 0.5828 0.1672 0.5703 0.1750 0.5516 0.1734 0.5406
2 0.2953 0.4562 0.2844 0.4656 0.2781 0.4766 0.2844 0.4969 0.2938 0.5000 0.2984 0.4984 0.3078 0.4813 0.3187 0.4703 0.3141 0.4594 0.2969 0.4578
2 0.4141 0.4109 0.4062 0.4156 0.3953 0.4375 0.3937 0.4469 0.4000 0.4625 0.4156 0.4625 0.4313 0.4500 0.4313 0.4406 0.4344 0.4359 0.4391 0.4422 0.4406 0.4391 0.4422 0.4297 0.4219 0.4109
2 0.4672 0.4203 0.4578 0.4266 0.4500 0.4469 0.4500 0.4625 0.4531 0.4672 0.4578 0.4688 0.4703 0.4656 0.4797 0.4469 0.4859 0.4422 0.4844 0.4313 0.4813 0.4250 0.4750 0.4203
2 0.5031 0.3828 0.4938 0.4000 0.4938 0.4188 0.4969 0.4203 0.5047 0.4188 0.5125 0.4062 0.5172 0.4031 0.5141 0.3859 0.5094 0.3828
2 0.3984 0.3828 0.3875 0.3906 0.3812 0.4078 0.3797 0.4156 0.3812 0.4234 0.3844 0.4266 0.4000 0.4234 0.4031 0.4156 0.4125 0.4078 0.4141 0.3953 0.4109 0.3922 0.4094 0.3844 0.4062 0.3828
2 0.5969 0.3250 0.5906 0.3281 0.5875 0.3406 0.5891 0.3484 0.5922 0.3500 0.5984 0.3500 0.6031 0.3469 0.6031 0.3312 0.6000 0.3250
2 0.6266 0.3391 0.6219 0.3422 0.6188 0.3516 0.6203 0.3656 0.6359 0.3641 0.6375 0.3469 0.6328 0.3391
2 0.6219 0.3156 0.6188 0.3250 0.6188 0.3344 0.6219 0.3375 0.6312 0.3359 0.6312 0.3187 0.6266 0.3156
2 0.6438 0.2953 0.6438 0.3141 0.6516 0.3125 0.6500 0.2953
2 0.6031 0.3094 0.6000 0.3141 0.6000 0.3219 0.6109 0.3219 0.6109 0.3125 0.6062 0.3094
2 0.4547 0.3797 0.4484 0.3891 0.4547 0.4156 0.4656 0.4141 0.4719 0.4062 0.4719 0.3937 0.4688 0.3844 0.4641 0.3797
2 0.4391 0.3906 0.4297 0.3937 0.4250 0.3984 0.4234 0.4109 0.4406 0.4234 0.4422 0.4344 0.4500 0.4297 0.4516 0.4141 0.4484 0.3937 0.4406 0.3922
2 0.3406 0.4281 0.3297 0.4359 0.3328 0.4547 0.3375 0.4578 0.3484 0.4562 0.3484 0.4313 0.3453 0.4281
1 0.2500 0.4766 0.2297 0.4859 0.1906 0.5156 0.1812 0.5328 0.1594 0.6062 0.1578 0.6312 0.1641 0.6484 0.1688 0.6531 0.1875 0.6500 0.2078 0.6547 0.2172 0.6531 0.2250 0.6391 0.2281 0.6234 0.2328 0.6297 0.2359 0.6297 0.2406 0.6203 0.2625 0.6016 0.2656 0.6062 0.2734 0.6062 0.2797 0.5906 0.2812 0.5672 0.2859 0.5594 0.2859 0.5406 0.2812 0.5344 0.2812 0.5312 0.2859 0.5297 0.2859 0.5219 0.2812 0.5172 0.2844 0.5141 0.2844 0.5078 0.2797 0.4828 0.2781 0.4797 0.2578 0.4766
1 0.4547 0.3203 0.4422 0.3234 0.4344 0.3297 0.4328 0.3719 0.4391 0.3844 0.4453 0.3875 0.4625 0.3703 0.4734 0.3547 0.4719 0.3250 0.4703 0.3219 0.4578 0.3203