2 0.1187 0.6328 0.0969 0.6438 0.0891 0.6562 0.0813 0.6641 0.0750 0.6656 0.0641 0.6813 0.0641 0.6844 0.0516 0.6969 0.0406 0.7125 0.0344 0.7297 0.0359 0.7625 0.0437 0.7734 0.0797 0.7703 0.0938 0.7766 0.1016 0.7766 0.1094 0.7703 0.1203 0.7438 0.1313 0.7359 0.1391 0.7266 0.1500 0.7188 0.1656 0.7156 0.1703 0.7078 0.1734 0.6859 0.1703 0.6469 0.1656 0.6406 0.1609 0.6406 0.1531 0.6344 0.1375 0.6328
2 0.2000 0.6906 0.1875 0.6953 0.1656 0.7188 0.1594 0.7344 0.1500 0.7422 0.1500 0.7547 0.1313 0.7828 0.1250 0.7984 0.1234 0.8406 0.1281 0.8500 0.1313 0.8531 0.1578 0.8594 0.1719 0.8578 0.1891 0.8453 0.2062 0.8172 0.2109 0.8125 0.2156 0.8125 0.2172 0.8047 0.2250 0.7922 0.2469 0.7656 0.2500 0.7688 0.2469 0.7781 0.2516 0.7812 0.2516 0.7969 0.2531 0.8000 0.2562 0.7984 0.2562 0.7078 0.2469 0.6937 0.2359 0.6906
2 0.4688 0.6250 0.4516 0.6281 0.4406 0.6469 0.4359 0.6500 0.4359 0.6594 0.4266 0.6828 0.4281 0.7016 0.4313 0.7063 0.4344 0.7281 0.4437 0.7281 0.4469 0.7250 0.4781 0.7250 0.4875 0.7281 0.4953 0.7141 0.4984 0.6969 0.5062 0.6813 0.5062 0.6422 0.5031 0.6359 0.4906 0.6266 0.4703 0.6250
2 0.6734 0.5531 0.6609 0.5547 0.6531 0.5734 0.6531 0.6297 0.6594 0.6344 0.6641 0.6312 0.6828 0.6312 0.6953 0.6359 0.6984 0.6344 0.7000 0.5953 0.6969 0.5859 0.6953 0.5641 0.6891 0.5563 0.6750 0.5547
2 0.5984 0.5250 0.5797 0.5266 0.5750 0.5312 0.5672 0.5547 0.5687 0.5984 0.5781 0.5938 0.5953 0.5938 0.6109 0.5984 0.6141 0.5875 0.6125 0.5375 0.6047 0.5266 0.6000 0.5266
2 0.3484 0.5328 0.3375 0.5359 0.3250 0.5484 0.3141 0.5641 0.3141 0.5687 0.3094 0.5719 0.3094 0.5813 0.3016 0.5938 0.2969 0.6109 0.2984 0.6344 0.3016 0.6406 0.3141 0.6391 0.3328 0.6422 0.3484 0.6234 0.3500 0.5344
2 0.2578 0.5297 0.2562 0.5344 0.2437 0.5328 0.2219 0.5437 0.2219 0.5484 0.2141 0.5594 0.2141 0.5750 0.2000 0.5859 0.1969 0.5953 0.1969 0.6141 0.2000 0.6234 0.2062 0.6281 0.2281 0.6250 0.2422 0.6297 0.2500 0.6266 0.2562 0.6125 0.2625 0.6062 0.2750 0.6000 0.2812 0.5906 0.2812 0.5500 0.2797 0.5422 0.2703 0.5297
2 0.2875 0.4547 0.2750 0.4609 0.2641 0.4625 0.2422 0.4906 0.2406 0.5141 0.2453 0.5234 0.2594 0.5203 0.2719 0.5234 0.2844 0.5109 0.2953 0.5062 0.2953 0.5016 0.3016 0.4938 0.2984 0.4656 0.2953 0.4625 0.2938 0.4547
2 0.3250 0.4719 0.3172 0.4766 0.3047 0.4922 0.2984 0.5094 0.2969 0.5344 0.3016 0.5469 0.3125 0.5422 0.3266 0.5422 0.3359 0.5328 0.3484 0.5281 0.3484 0.4734 0.3438 0.4719
2 0.4062 0.4750 0.3953 0.4875 0.3937 0.4969 0.3875 0.5094 0.3891 0.5344 0.3922 0.5328 0.4062 0.5359 0.4188 0.5344 0.4344 0.5141 0.4344 0.4844 0.4328 0.4797 0.4266 0.4750
2 0.4578 0.4234 0.4484 0.4266 0.4391 0.4391 0.4313 0.4625 0.4344 0.4797 0.4406 0.4828 0.4547 0.4844 0.4625 0.4734 0.4641 0.4547 0.4672 0.4531 0.4703 0.4594 0.4719 0.4375 0.4656 0.4266 0.4594 0.4250
2 0.5516 0.4422 0.5422 0.4437 0.5359 0.4484 0.5312 0.4656 0.5328 0.4891 0.5359 0.4922 0.5406 0.4891 0.5578 0.4906 0.5641 0.4813 0.5656 0.4547 0.5578 0.4437 0.5531 0.4437
2 0.4062 0.3797 0.4000 0.3828 0.3922 0.4000 0.3937 0.4188 0.4047 0.4188 0.4094 0.4078 0.4156 0.4047 0.4156 0.3922 0.4188 0.3891 0.4219 0.3906 0.4234 0.4031 0.4234 0.3875 0.4188 0.3797
2 0.4109 0.4078 0.4016 0.4328 0.4031 0.4484 0.4203 0.4516 0.4234 0.4516 0.4344 0.4391 0.4344 0.4203 0.4297 0.4094 0.4156 0.4078
2 0.5078 0.3781 0.5031 0.3844 0.5031 0.4016 0.5094 0.4047 0.5188 0.4000 0.5266 0.3844 0.5250 0.3781
2 0.4531 0.3734 0.4469 0.3797 0.4422 0.3906 0.4422 0.4109 0.4625 0.4094 0.4703 0.4000 0.4703 0.3891 0.4656 0.3828 0.4656 0.3781 0.4594 0.3734
2 0.5828 0.3563 0.5781 0.3656 0.5797 0.3844 0.5938 0.3844 0.5969 0.3812 0.5969 0.3609 0.5922 0.3563
2 0.6578 0.3469 0.6547 0.3516 0.6516 0.3719 0.6531 0.3797 0.6625 0.3844 0.6703 0.3844 0.6734 0.3766 0.6734 0.3531 0.6672 0.3469
2 0.6266 0.3281 0.6219 0.3312 0.6188 0.3406 0.6219 0.3516 0.6344 0.3500 0.6359 0.3344 0.6297 0.3281
2 0.4437 0.3578 0.4375 0.3594 0.4266 0.3750 0.4266 0.3875 0.4313 0.3937 0.4406 0.3906 0.4500 0.3719 0.4500 0.3609 0.4469 0.3578
2 0.4813 0.3547 0.4781 0.3578 0.4734 0.3766 0.4750 0.3844 0.4813 0.3875 0.4906 0.3875 0.4969 0.3797 0.4969 0.3609 0.4938 0.3563 0.4891 0.3547
2 0.6109 0.2656 0.6078 0.2703 0.6000 0.2703 0.5953 0.2672 0.5906 0.2734 0.5875 0.2703 0.5828 0.2750 0.5750 0.2781 0.5703 0.2766 0.5672 0.2797 0.5641 0.2750 0.5578 0.2750 0.5563 0.2844 0.5516 0.2906 0.5469 0.2906 0.5469 0.2938 0.5406 0.3000 0.5250 0.3031 0.5219 0.3109 0.5234 0.3219 0.5203 0.3250 0.5094 0.3187 0.5000 0.3281 0.4891 0.3266 0.4813 0.3391 0.4813 0.3563 0.4781 0.3594 0.4781 0.3656 0.4828 0.3656 0.4828 0.3609 0.4891 0.3547 0.4969 0.3688 0.5125 0.3672 0.5172 0.3625 0.5188 0.3516 0.5312 0.3484 0.5391 0.3391 0.5437 0.3406 0.5391 0.3438 0.5375 0.3484 0.5422 0.3500 0.5469 0.3563 0.5500 0.3563 0.5531 0.3516 0.5484 0.3516 0.5453 0.3484 0.5484 0.3453 0.5563 0.3484 0.5594 0.3453 0.5594 0.3406 0.5719 0.3312 0.5797 0.3156 0.5922 0.3031 0.5938 0.2969 0.6094 0.2812 0.6188 0.2781 0.6203 0.2703 0.6141 0.2656
2 0.6297 0.3000 0.6266 0.3031 0.6266 0.3156 0.6297 0.3203 0.6359 0.3187 0.6359 0.3047 0.6328 0.3000
2 0.6094 0.3031 0.6031 0.3078 0.6031 0.3187 0.6062 0.3203 0.6109 0.3203 0.6141 0.3141 0.6141 0.3063 0.6109 0.3031
2 0.3438 0.4281 0.3375 0.4297 0.3328 0.4359 0.3328 0.4547 0.3375 0.4594 0.3484 0.4578 0.3484 0.4313 0.3453 0.4281
2 0.1406 0.5437 0.1328 0.5484 0.1187 0.5516 0.1094 0.5625 0.1062 0.5625 0.0969 0.5797 0.0813 0.5953 0.0766 0.6031 0.0703 0.6172 0.0703 0.6375 0.0750 0.6469 0.0813 0.6500 0.1062 0.6344 0.1187 0.6297 0.1391 0.6266 0.1500 0.6156 0.1609 0.6125 0.1656 0.6078 0.1688 0.5844 0.1672 0.5625 0.1625 0.5516 0.1500 0.5437