2 0.3844 0.4656 0.3766 0.4781 0.3766 0.5266 0.3797 0.5297 0.4031 0.5266 0.4062 0.5312 0.4109 0.5312 0.4141 0.5219 0.4141 0.4969 0.4125 0.4797 0.4078 0.4688 0.4031 0.4656
2 0.3297 0.4016 0.3219 0.4078 0.3203 0.4141 0.3203 0.4469 0.3234 0.4500 0.3469 0.4469 0.3469 0.4172 0.3438 0.4062 0.3391 0.4016
2 0.5969 0.7953 0.5797 0.8016 0.5750 0.8063 0.5719 0.8156 0.5687 0.8531 0.5703 0.9141 0.5781 0.9313 0.5938 0.9406 0.6016 0.9516 0.6078 0.9656 0.6062 0.9703 0.6094 0.9734 0.6109 0.9844 0.6188 0.9906 0.6188 0.9844 0.6234 0.9828 0.6297 0.9922 0.6297 0.9984 0.6297 0.9938 0.6328 0.9906 0.6375 0.9906 0.6406 0.9984 0.7375 0.9984 0.7344 0.9859 0.7422 0.9812 0.7406 0.9781 0.7328 0.9766 0.7281 0.9703 0.7359 0.9656 0.7281 0.9563 0.7188 0.9281 0.7172 0.8875 0.7141 0.8844 0.7125 0.8719 0.7094 0.8688 0.7047 0.8484 0.6937 0.8375 0.6875 0.8234 0.6797 0.8141 0.6797 0.8094 0.6734 0.8016 0.6609 0.7969 0.6547 0.8000 0.6266 0.8000 0.6109 0.7953
2 0.7516 0.6672 0.7391 0.6859 0.7344 0.7094 0.7344 0.7344 0.7391 0.7438 0.7500 0.7547 0.7672 0.7797 0.7828 0.7953 0.7937 0.8141 0.7984 0.8156 0.8234 0.8141 0.8375 0.8094 0.8453 0.7953 0.8453 0.7594 0.8344 0.7453 0.8297 0.7219 0.8234 0.7188 0.8219 0.7094 0.8109 0.6937 0.7922 0.6797 0.7609 0.6672
2 0.8406 0.6172 0.8094 0.6250 0.8047 0.6297 0.8016 0.6516 0.8047 0.6609 0.8047 0.6719 0.8094 0.6859 0.8156 0.6906 0.8203 0.6906 0.8453 0.7109 0.8562 0.7297 0.8641 0.7359 0.8703 0.7375 0.9141 0.7359 0.9203 0.7172 0.9187 0.7000 0.9156 0.6891 0.9016 0.6687 0.8984 0.6594 0.8859 0.6500 0.8844 0.6438 0.8734 0.6312 0.8734 0.6266 0.8562 0.6172
2 0.6500 0.5563 0.6500 0.6219 0.6562 0.6344 0.6687 0.6469 0.6750 0.6422 0.6922 0.6422 0.6969 0.6328 0.6984 0.6188 0.6734 0.5672 0.6656 0.5594 0.6547 0.5563
2 0.8266 0.5531 0.8234 0.5563 0.8250 0.5656 0.8328 0.5641 0.8313 0.5531
2 0.7000 0.4625 0.6984 0.4719 0.7047 0.5109 0.7078 0.5203 0.7141 0.5234 0.7391 0.5234 0.7422 0.5141 0.7422 0.5031 0.7359 0.4844 0.7312 0.4828 0.7188 0.4672 0.7047 0.4625
2 0.7984 0.5000 0.7906 0.5016 0.7828 0.5094 0.7781 0.5281 0.7781 0.5687 0.7828 0.5734 0.7859 0.5828 0.7922 0.5875 0.8063 0.5859 0.8156 0.5984 0.8313 0.6078 0.8391 0.6156 0.8578 0.6156 0.8828 0.6266 0.8906 0.6250 0.8969 0.6141 0.8969 0.5797 0.8797 0.5578 0.8672 0.5312 0.8250 0.5047 0.8000 0.5000
2 0.5500 0.4453 0.5437 0.4500 0.5406 0.4625 0.5406 0.4797 0.5516 0.4969 0.5594 0.5016 0.5781 0.5000 0.5813 0.4859 0.5797 0.4719 0.5734 0.4625 0.5734 0.4547 0.5687 0.4484 0.5625 0.4453
2 0.4141 0.3688 0.4078 0.3781 0.4078 0.3922 0.4109 0.3984 0.4266 0.3984 0.4297 0.3937 0.4266 0.3750 0.4203 0.3688
2 0.3703 0.3469 0.3656 0.3516 0.3656 0.3672 0.3703 0.3750 0.3844 0.3734 0.3844 0.3531 0.3797 0.3469
2 0.4000 0.3328 0.3953 0.3375 0.3969 0.3547 0.4078 0.3547 0.4109 0.3516 0.4109 0.3406 0.4078 0.3344 0.4031 0.3328
2 0.4969 0.3844 0.4906 0.3922 0.4875 0.4047 0.4922 0.4125 0.4938 0.4219 0.4984 0.4266 0.5109 0.4266 0.5172 0.4203 0.5156 0.4031 0.5094 0.3891 0.5047 0.3844
2 0.5578 0.3984 0.5500 0.4094 0.5500 0.4281 0.5516 0.4328 0.5641 0.4422 0.5719 0.4422 0.5703 0.4313 0.5781 0.4281 0.5781 0.4234 0.5828 0.4156 0.5750 0.4016 0.5703 0.3984
2 0.5859 0.4188 0.5828 0.4219 0.5797 0.4359 0.5734 0.4437 0.5734 0.4500 0.5781 0.4547 0.5797 0.4672 0.5891 0.4766 0.5906 0.4828 0.6219 0.4813 0.6234 0.4766 0.6234 0.4484 0.6094 0.4234 0.6016 0.4188
2 0.5516 0.3578 0.5453 0.3828 0.5531 0.3922 0.5625 0.3937 0.5719 0.3891 0.5719 0.3781 0.5672 0.3641 0.5594 0.3578
2 0.5109 0.3563 0.5062 0.3609 0.5047 0.3750 0.5078 0.3844 0.5141 0.3922 0.5250 0.3922 0.5281 0.3891 0.5281 0.3719 0.5250 0.3625 0.5172 0.3563
1 0.3406 0.2891 0.3375 0.2938 0.3375 0.3375 0.3516 0.3375 0.3547 0.3344 0.3563 0.3250 0.3516 0.2969 0.3438 0.2891
1 0.6500 0.4203 0.6500 0.4797 0.6531 0.4906 0.6500 0.4984 0.6500 0.5219 0.6656 0.5422 0.6781 0.5406 0.6813 0.5375 0.6891 0.5391 0.6953 0.5437 0.7000 0.5422 0.7063 0.5234 0.7063 0.5125 0.7000 0.4906 0.6969 0.4656 0.6922 0.4609 0.6859 0.4437 0.6766 0.4344 0.6547 0.4203
1 0.5203 0.3281 0.5156 0.3312 0.5141 0.3531 0.5266 0.3594 0.5344 0.3531 0.5359 0.3344 0.5312 0.3281 0.5219 0.3281
1 0.5094 0.3094 0.5062 0.3125 0.5047 0.3281 0.5062 0.3422 0.5141 0.3531 0.5281 0.3563 0.5344 0.3516 0.5359 0.3312 0.5344 0.3172 0.5234 0.3094