2 0.1437 0.6172 0.1344 0.6203 0.1250 0.6281 0.1125 0.6469 0.1000 0.6578 0.0969 0.6703 0.0828 0.6875 0.0797 0.6969 0.0781 0.7203 0.0828 0.7359 0.0859 0.7391 0.0953 0.7359 0.1281 0.7375 0.1375 0.7344 0.1516 0.7125 0.1719 0.6969 0.1766 0.6906 0.1891 0.6859 0.1953 0.6641 0.1938 0.6312 0.1875 0.6234 0.1656 0.6203 0.1609 0.6172
2 0.2406 0.6672 0.2328 0.6719 0.2141 0.6750 0.1875 0.6922 0.1703 0.7203 0.1656 0.7391 0.1609 0.7453 0.1578 0.7562 0.1531 0.7609 0.1516 0.7875 0.1531 0.7969 0.1594 0.8094 0.1656 0.8125 0.1906 0.8156 0.2016 0.8156 0.2094 0.8094 0.2281 0.7797 0.2375 0.7719 0.2625 0.7391 0.2625 0.6953 0.2562 0.6797 0.2469 0.6672
2 0.3391 0.5563 0.3328 0.5578 0.3250 0.5656 0.3172 0.5781 0.3141 0.5906 0.3000 0.6172 0.3000 0.6297 0.3031 0.6391 0.3094 0.6438 0.3141 0.6406 0.3281 0.6469 0.3438 0.6344 0.3500 0.6219 0.3484 0.5563
2 0.1859 0.5016 0.1688 0.5078 0.1328 0.5297 0.1187 0.5594 0.1031 0.5766 0.1000 0.5859 0.1016 0.6125 0.1062 0.6219 0.1125 0.6266 0.1453 0.6141 0.1594 0.6156 0.1656 0.6078 0.1781 0.6016 0.1891 0.5891 0.1969 0.5844 0.2078 0.5875 0.2141 0.5813 0.2203 0.5547 0.2203 0.5359 0.2141 0.5109 0.2062 0.5016
2 0.6062 0.4641 0.5938 0.4656 0.5859 0.4781 0.5844 0.5250 0.5875 0.5312 0.6031 0.5266 0.6188 0.5297 0.6219 0.5250 0.6219 0.4766 0.6141 0.4656 0.6078 0.4641
2 0.6594 0.4016 0.6562 0.4031 0.6516 0.4172 0.6516 0.4469 0.6719 0.4500 0.6766 0.4484 0.6766 0.4109 0.6734 0.4047 0.6672 0.4016
2 0.5766 0.3688 0.5703 0.3797 0.5687 0.3922 0.5719 0.3984 0.5891 0.3969 0.5906 0.3766 0.5844 0.3688
2 0.4391 0.4437 0.4313 0.4469 0.4250 0.4531 0.4234 0.4656 0.4188 0.4703 0.4172 0.4953 0.4188 0.5000 0.4250 0.5016 0.4437 0.5000 0.4484 0.4906 0.4562 0.4844 0.4594 0.4781 0.4578 0.4609 0.4531 0.4469 0.4406 0.4437
2 0.3984 0.4188 0.3922 0.4203 0.3844 0.4281 0.3750 0.4469 0.3750 0.4781 0.3781 0.4828 0.3875 0.4828 0.3922 0.4797 0.3953 0.4828 0.4062 0.4844 0.4141 0.4750 0.4141 0.4703 0.4188 0.4672 0.4219 0.4547 0.4250 0.4516 0.4234 0.4344 0.4172 0.4281 0.4156 0.4219 0.4109 0.4188
2 0.4938 0.3844 0.4891 0.3891 0.4813 0.4078 0.4813 0.4219 0.4844 0.4266 0.4984 0.4266 0.5047 0.4203 0.5047 0.4156 0.5109 0.4047 0.5078 0.3891 0.5047 0.3844
2 0.6188 0.3469 0.6141 0.3547 0.6156 0.3750 0.6312 0.3734 0.6328 0.3531 0.6281 0.3469
2 0.4297 0.3984 0.4219 0.4047 0.4172 0.4156 0.4188 0.4219 0.4297 0.4344 0.4250 0.4391 0.4281 0.4422 0.4375 0.4406 0.4469 0.4344 0.4484 0.4297 0.4469 0.4047 0.4391 0.3984
2 0.4437 0.3563 0.4313 0.3641 0.4266 0.3750 0.4266 0.3906 0.4328 0.3937 0.4453 0.3922 0.4531 0.3859 0.4531 0.3734 0.4453 0.3563
2 0.4078 0.3781 0.4000 0.3797 0.3937 0.3875 0.3953 0.4000 0.4062 0.4109 0.4141 0.4109 0.4203 0.4000 0.4188 0.3859 0.4125 0.3781
2 0.2938 0.4625 0.2781 0.4688 0.2625 0.4859 0.2562 0.5016 0.2578 0.5188 0.2609 0.5234 0.2859 0.5234 0.2906 0.5203 0.3016 0.4703 0.3016 0.4656 0.2984 0.4625
2 0.2938 0.4625 0.2781 0.4688 0.2625 0.4859 0.2562 0.5016 0.2578 0.5188 0.2609 0.5234 0.2859 0.5234 0.2906 0.5203 0.3016 0.4703 0.3016 0.4656 0.2984 0.4625
2 0.5938 0.3328 0.5891 0.3375 0.5875 0.3469 0.5875 0.3516 0.5906 0.3547 0.6000 0.3547 0.6031 0.3500 0.6031 0.3391 0.5984 0.3328
2 0.4797 0.3578 0.4703 0.3719 0.4703 0.3891 0.4734 0.3922 0.4859 0.3906 0.4906 0.3828 0.4922 0.3688 0.4906 0.3609 0.4859 0.3578
2 0.3922 0.7937 0.3875 0.7969 0.3766 0.7969 0.3719 0.8000 0.3312 0.8000 0.3219 0.8063 0.2859 0.8688 0.2812 0.8875 0.2797 0.9266 0.2703 0.9484 0.2703 0.9547 0.2641 0.9641 0.2641 0.9672 0.2687 0.9703 0.2641 0.9766 0.2609 0.9875 0.2547 0.9938 0.2516 0.9938 0.2547 0.9984 0.3859 0.9984 0.4031 0.9469 0.4109 0.9422 0.4109 0.9391 0.4188 0.9344 0.4250 0.9250 0.4297 0.8969 0.4297 0.8484 0.4250 0.8094 0.4203 0.8016 0.3984 0.7937
2 0.0000 0.7297 0.0000 0.8750 0.0031 0.8766 0.0094 0.8766 0.0187 0.8719 0.0281 0.8578 0.0359 0.8031 0.0328 0.7641 0.0203 0.7516 0.0203 0.7469 0.0156 0.7391 0.0047 0.7344 0.0016 0.7297
2 0.4969 0.3438 0.4938 0.3469 0.4922 0.3547 0.4953 0.3734 0.5031 0.3719 0.5078 0.3641 0.5109 0.3563 0.5094 0.3438
2 0.5297 0.3516 0.5203 0.3578 0.5188 0.3703 0.5234 0.3766 0.5312 0.3781 0.5375 0.3719 0.5375 0.3594 0.5344 0.3516
2 0.5141 0.3688 0.5094 0.3703 0.5031 0.3797 0.5109 0.3906 0.5125 0.4000 0.5203 0.3984 0.5234 0.3906 0.5234 0.3797 0.5172 0.3688
1 0.3609 0.4109 0.3578 0.4172 0.3531 0.4203 0.3484 0.4172 0.3375 0.4203 0.3219 0.4344 0.3172 0.4359 0.3078 0.4516 0.3016 0.4688 0.3000 0.4875 0.2938 0.5094 0.2938 0.5266 0.2969 0.5391 0.3016 0.5437 0.3094 0.5375 0.3266 0.5391 0.3359 0.5359 0.3422 0.5297 0.3469 0.5297 0.3500 0.5219 0.3500 0.4375 0.3531 0.4344 0.3578 0.4391 0.3563 0.4453 0.3594 0.4547 0.3594 0.4672 0.3609 0.4688 0.3688 0.4656 0.3688 0.4109
1 0.4734 0.3094 0.4641 0.3156 0.4625 0.3312 0.4641 0.3500 0.4703 0.3547 0.4859 0.3516 0.4938 0.3406 0.4938 0.3156 0.4906 0.3094