2 0.1828 0.5953 0.1641 0.6016 0.1547 0.6109 0.1547 0.6141 0.1391 0.6266 0.1344 0.6375 0.1266 0.6469 0.1250 0.6562 0.1156 0.6656 0.1062 0.6813 0.1078 0.7047 0.1125 0.7172 0.1453 0.7203 0.1656 0.7156 0.1703 0.7109 0.1734 0.7000 0.1797 0.6922 0.1953 0.6781 0.2000 0.6750 0.2047 0.6766 0.2125 0.6703 0.2172 0.6375 0.2156 0.6172 0.2109 0.6031 0.2031 0.5969 0.1906 0.6000 0.1844 0.5953
2 0.0781 0.8266 0.0609 0.8313 0.0281 0.8313 0.0266 0.8375 0.0125 0.8516 0.0047 0.8531 0.0000 0.8578 0.0000 0.9984 0.0547 0.9984 0.0672 0.9891 0.0719 0.9797 0.0813 0.9703 0.0813 0.9656 0.0859 0.9578 0.0859 0.9500 0.0906 0.9469 0.0938 0.9500 0.1047 0.9469 0.1172 0.9266 0.1234 0.8969 0.1219 0.8422 0.1156 0.8344 0.1094 0.8313 0.0797 0.8266
2 0.3469 0.5391 0.3359 0.5437 0.3297 0.5516 0.3094 0.5938 0.3094 0.6109 0.3156 0.6234 0.3391 0.6219 0.3438 0.6266 0.3469 0.6266 0.3500 0.6219 0.3516 0.6062 0.3484 0.5391
2 0.2625 0.4719 0.2578 0.4766 0.2344 0.4859 0.2281 0.4984 0.2203 0.5062 0.2141 0.5078 0.2078 0.5266 0.2094 0.5437 0.2141 0.5500 0.2203 0.5469 0.2484 0.5469 0.2594 0.5328 0.2750 0.5281 0.2781 0.5172 0.2781 0.4891 0.2734 0.4766 0.2687 0.4719
2 0.4516 0.4359 0.4359 0.4375 0.4281 0.4469 0.4188 0.4781 0.4203 0.4891 0.4250 0.4938 0.4313 0.4906 0.4469 0.4938 0.4516 0.4844 0.4625 0.4766 0.4625 0.4500 0.4578 0.4391 0.4531 0.4359
2 0.5344 0.4500 0.5250 0.4547 0.5188 0.4766 0.5172 0.5016 0.5188 0.5094 0.5219 0.5125 0.5406 0.5078 0.5500 0.5109 0.5563 0.5000 0.5578 0.4641 0.5516 0.4531 0.5453 0.4500
2 0.5922 0.4672 0.5844 0.4813 0.5828 0.5125 0.6094 0.5109 0.6172 0.5141 0.6156 0.4906 0.6188 0.4813 0.6109 0.4688 0.6016 0.4672
2 0.6094 0.3750 0.6062 0.3781 0.6000 0.3984 0.6016 0.4094 0.6062 0.4156 0.6250 0.4141 0.6266 0.4109 0.6281 0.3844 0.6203 0.3750
2 0.6578 0.3750 0.6547 0.3766 0.6516 0.3844 0.6531 0.4109 0.6687 0.4109 0.6734 0.4062 0.6734 0.3844 0.6719 0.3797 0.6656 0.3750
2 0.4313 0.3891 0.4234 0.3937 0.4109 0.4234 0.4109 0.4328 0.4141 0.4406 0.4266 0.4437 0.4391 0.4344 0.4469 0.4344 0.4516 0.4250 0.4531 0.4109 0.4500 0.4062 0.4500 0.3984 0.4469 0.3922 0.4422 0.3891
2 0.4813 0.3984 0.4734 0.4016 0.4641 0.4250 0.4672 0.4437 0.4719 0.4453 0.4844 0.4453 0.4938 0.4344 0.4969 0.4234 0.4953 0.4031 0.4891 0.3984
2 0.5141 0.3688 0.5062 0.3828 0.5062 0.3984 0.5125 0.4016 0.5203 0.3984 0.5266 0.3844 0.5250 0.3734 0.5219 0.3688
2 0.4625 0.3484 0.4578 0.3516 0.4516 0.3641 0.4500 0.3781 0.4500 0.3922 0.4578 0.4047 0.4688 0.4047 0.4781 0.3953 0.4813 0.3859 0.4813 0.3656 0.4797 0.3531 0.4766 0.3484
2 0.4234 0.3609 0.4141 0.3672 0.4078 0.3828 0.4062 0.3953 0.4078 0.4031 0.4109 0.4062 0.4172 0.4031 0.4266 0.3844 0.4344 0.3766 0.4391 0.3812 0.4422 0.3688 0.4375 0.3609
2 0.6219 0.3391 0.6172 0.3453 0.6172 0.3609 0.6203 0.3641 0.6328 0.3625 0.6344 0.3469 0.6297 0.3391
2 0.5984 0.3172 0.5938 0.3234 0.5922 0.3406 0.5953 0.3438 0.6062 0.3422 0.6078 0.3281 0.6109 0.3250 0.6031 0.3172
2 0.6484 0.3000 0.6453 0.3031 0.6469 0.3187 0.6531 0.3187 0.6578 0.3094 0.6531 0.3000
2 0.5344 0.3484 0.5297 0.3500 0.5219 0.3609 0.5281 0.3766 0.5312 0.3781 0.5406 0.3703 0.5422 0.3609 0.5422 0.3531 0.5359 0.3484
2 0.5531 0.3266 0.5453 0.3359 0.5453 0.3469 0.5500 0.3500 0.5563 0.3484 0.5609 0.3406 0.5563 0.3266
2 0.5094 0.3344 0.5047 0.3375 0.5047 0.3516 0.5094 0.3609 0.5156 0.3609 0.5203 0.3531 0.5203 0.3422 0.5172 0.3359 0.5109 0.3344
2 0.5250 0.3156 0.5188 0.3281 0.5203 0.3406 0.5312 0.3422 0.5359 0.3375 0.5328 0.3187 0.5266 0.3172
1 0.5828 0.5125 0.5750 0.5219 0.5687 0.5422 0.5641 0.5906 0.5641 0.6203 0.5687 0.6328 0.5953 0.6297 0.6078 0.6312 0.6125 0.6344 0.6188 0.6344 0.6219 0.6266 0.6219 0.5469 0.6266 0.5422 0.6266 0.5375 0.6250 0.5328 0.6203 0.5312 0.6156 0.5156 0.6062 0.5125