1 0.2598 0.1471 0.2353 0.1618 0.2124 0.1691 0.2010 0.1789 0.1977 0.1740 0.1699 0.1765 0.1601 0.1789 0.1536 0.1887 0.1405 0.1936 0.1258 0.2132 0.1127 0.2402 0.1127 0.2574 0.1160 0.2721 0.1275 0.2917 0.1634 0.3137 0.1765 0.3113 0.1846 0.3039 0.1944 0.3015 0.2794 0.3088 0.3056 0.3137 0.3170 0.3284 0.3268 0.3333 0.3448 0.3309 0.3546 0.3162 0.3595 0.3137 0.3954 0.3088 0.4036 0.2966 0.4052 0.2843 0.4118 0.2721 0.4183 0.2402 0.4150 0.1961 0.4052 0.1863 0.3905 0.1838 0.3873 0.1789 0.3758 0.1765 0.3399 0.1569 0.2778 0.1471
1 0.2173 0.3848 0.1895 0.3897 0.1634 0.3995 0.1307 0.3995 0.1176 0.4044 0.1095 0.4118 0.0964 0.4314 0.0784 0.4779 0.0784 0.5000 0.0817 0.5123 0.0817 0.5490 0.0948 0.5637 0.1209 0.5784 0.1340 0.5980 0.1471 0.6103 0.1699 0.6103 0.1814 0.5980 0.2549 0.6029 0.2761 0.6103 0.3382 0.6176 0.3448 0.6201 0.3578 0.6373 0.3709 0.6446 0.3954 0.6422 0.4052 0.6324 0.4134 0.6324 0.4281 0.6225 0.4330 0.6029 0.4510 0.5662 0.4542 0.5515 0.4575 0.4926 0.4526 0.4779 0.4346 0.4510 0.3725 0.4289 0.3497 0.4069 0.3366 0.4069 0.3121 0.3946 0.2484 0.3848
0 0.0817 0.0588 0.0784 0.0613 0.0784 0.0760 0.0850 0.0882 0.0866 0.0980 0.0833 0.1127 0.0915 0.1103 0.0964 0.1176 0.0915 0.1397 0.0964 0.1495 0.1062 0.1544 0.1111 0.1618 0.1176 0.1765 0.1193 0.1912 0.1258 0.1985 0.1291 0.1961 0.1291 0.1887 0.1242 0.1814 0.1242 0.1667 0.1193 0.1520 0.1307 0.1348 0.1258 0.1348 0.1193 0.1250 0.0882 0.0588
0 0.1601 0.7304 0.1552 0.7402 0.1552 0.7525 0.1601 0.7623 0.1601 0.7696 0.1487 0.7770 0.1454 0.7941 0.1471 0.8211 0.1536 0.8333 0.1552 0.8431 0.1552 0.8799 0.1569 0.8824 0.1601 0.8725 0.1667 0.8775 0.1667 0.8897 0.1618 0.8922 0.1552 0.8873 0.1552 0.8971 0.1650 0.8922 0.1797 0.9167 0.1863 0.9142 0.1912 0.9191 0.1961 0.9142 0.1961 0.9069 0.1993 0.9020 0.1977 0.8333 0.2010 0.8235 0.2042 0.8260 0.2075 0.8211 0.1879 0.7843 0.1895 0.7770 0.1814 0.7672 0.1830 0.7500 0.1716 0.7304
0 0.4575 0.6397 0.4461 0.6569 0.4444 0.6716 0.4379 0.6814 0.4346 0.6789 0.4297 0.6838 0.4297 0.6985 0.4412 0.7279 0.4395 0.8088 0.4461 0.8137 0.4493 0.7843 0.4542 0.7696 0.4575 0.7770 0.4559 0.8088 0.4592 0.8284 0.4641 0.8284 0.4673 0.8235 0.4706 0.7721 0.4739 0.7549 0.4820 0.7451 0.4853 0.7255 0.4853 0.7157 0.4641 0.6863 0.4706 0.6520 0.4624 0.6397
0 0.5768 0.6078 0.5686 0.6201 0.5686 0.6373 0.5556 0.6471 0.5490 0.6789 0.5507 0.6863 0.5556 0.6912 0.5507 0.7819 0.5572 0.7892 0.5686 0.7696 0.5719 0.7917 0.5784 0.7917 0.5866 0.7819 0.5915 0.7255 0.5997 0.6961 0.5964 0.6593 0.5866 0.6471 0.5866 0.6152 0.5801 0.6078
0 0.6863 0.7083 0.6765 0.7255 0.6699 0.7230 0.6650 0.7157 0.6601 0.7206 0.6683 0.7574 0.6683 0.7770 0.6716 0.7843 0.6667 0.8162 0.6650 0.8505 0.6601 0.8725 0.6618 0.8775 0.6699 0.8824 0.6765 0.8775 0.6748 0.8725 0.6781 0.8456 0.6846 0.8260 0.6879 0.8309 0.6879 0.8505 0.6846 0.8676 0.6863 0.8725 0.6961 0.8775 0.7026 0.8725 0.7010 0.8284 0.7059 0.7917 0.7092 0.7819 0.7222 0.7672 0.7222 0.7549 0.7190 0.7475 0.7173 0.7525 0.7141 0.7475 0.7010 0.7083
0 0.5784 0.2917 0.5752 0.2941 0.5735 0.3113 0.5637 0.3211 0.5556 0.3799 0.5572 0.3922 0.5523 0.3995 0.5523 0.4142 0.5572 0.4289 0.5605 0.4289 0.5621 0.4167 0.5654 0.4167 0.5654 0.4265 0.5686 0.4338 0.5670 0.4534 0.5735 0.4534 0.5784 0.4387 0.5866 0.4387 0.5899 0.4338 0.5915 0.4069 0.5948 0.3946 0.6013 0.3897 0.6046 0.3799 0.6046 0.3284 0.5980 0.3162 0.5899 0.3113 0.5866 0.2917
0 0.6650 0.1446 0.6601 0.1691 0.6536 0.1740 0.6454 0.2181 0.6454 0.2255 0.6520 0.2328 0.6536 0.2426 0.6536 0.2917 0.6601 0.3088 0.6650 0.3039 0.6716 0.2574 0.6814 0.2328 0.6814 0.1814 0.6748 0.1691 0.6732 0.1446
0 0.5490 0.0294 0.5425 0.0368 0.5359 0.0711 0.5392 0.0907 0.5376 0.1520 0.5392 0.1618 0.5441 0.1667 0.5539 0.1495 0.5539 0.0515 0.5572 0.0392 0.5556 0.0294
0 0.4542 0.0196 0.4542 0.0441 0.4493 0.0588 0.4542 0.0931 0.4542 0.1618 0.4624 0.1618 0.4690 0.1495 0.4690 0.0833 0.4657 0.0686 0.4673 0.0466 0.4592 0.0196
0 0.7745 0.1471 0.7680 0.1544 0.7680 0.1691 0.7614 0.1716 0.7533 0.1838 0.7418 0.2181 0.7418 0.2328 0.7467 0.2377 0.7435 0.3162 0.7631 0.3113 0.7712 0.2770 0.7712 0.2672 0.7745 0.2623 0.7745 0.2500 0.7859 0.2279 0.7876 0.1887 0.7794 0.1740 0.7827 0.1569 0.7761 0.1471
0 0.8007 0.2892 0.7941 0.3015 0.7925 0.3162 0.7794 0.3284 0.7729 0.3529 0.7745 0.3554 0.7696 0.3775 0.7729 0.4044 0.7680 0.4461 0.7680 0.4608 0.7712 0.4657 0.7761 0.4657 0.7810 0.4534 0.7908 0.4485 0.8007 0.4093 0.8105 0.3995 0.8105 0.3701 0.8154 0.3284 0.8137 0.3211 0.8072 0.3162 0.8088 0.3015 0.8072 0.2941 0.8023 0.2892
0 0.7467 0.4583 0.7402 0.4681 0.7386 0.4902 0.7255 0.4951 0.7157 0.5123 0.7239 0.5270 0.7239 0.5515 0.7206 0.5588 0.7222 0.5637 0.7190 0.5833 0.7190 0.6471 0.7141 0.6544 0.7173 0.6642 0.7271 0.6618 0.7271 0.6324 0.7304 0.6176 0.7386 0.6103 0.7337 0.6054 0.7337 0.5931 0.7402 0.5907 0.7418 0.6005 0.7467 0.6005 0.7484 0.5735 0.7533 0.5662 0.7565 0.5686 0.7582 0.5833 0.7631 0.5760 0.7598 0.5588 0.7598 0.5270 0.7631 0.5098 0.7533 0.4902 0.7582 0.4730 0.7565 0.4657 0.7500 0.4583
0 0.6601 0.3113 0.6569 0.3407 0.6503 0.3505 0.6422 0.3554 0.6389 0.3750 0.6389 0.3848 0.6422 0.3897 0.6438 0.4020 0.6422 0.4216 0.6454 0.4289 0.6438 0.5123 0.6471 0.5196 0.6536 0.5196 0.6552 0.4975 0.6618 0.4902 0.6683 0.4559 0.6699 0.4314 0.6748 0.4142 0.6781 0.4093 0.6814 0.4118 0.6846 0.4191 0.6846 0.4338 0.6895 0.4338 0.6814 0.3603 0.6699 0.3431 0.6732 0.3235 0.6667 0.3113
0 0.8856 0.4583 0.8758 0.4755 0.8676 0.4779 0.8644 0.4828 0.8529 0.5098 0.8497 0.5245 0.8562 0.5760 0.8644 0.5956 0.8627 0.6348 0.8693 0.6569 0.8709 0.6740 0.8791 0.6569 0.8791 0.6324 0.8840 0.6225 0.8873 0.5882 0.8938 0.5613 0.9036 0.5564 0.9183 0.5564 0.9183 0.5417 0.9101 0.5049 0.8938 0.4583