1 0.0931 0.5926 0.0163 0.6057 0.0000 0.6187 0.0000 0.7516 0.0033 0.7538 0.0654 0.7429 0.0735 0.7342 0.0833 0.6950 0.0899 0.6885 0.0850 0.6863 0.0833 0.6797 0.0866 0.6754 0.1127 0.6667 0.1193 0.6536 0.1193 0.6144 0.1062 0.5926
1 0.3072 0.5839 0.2990 0.5904 0.2859 0.6209 0.2696 0.6797 0.2647 0.7407 0.2696 0.7582 0.2778 0.7647 0.2908 0.7560 0.3088 0.7538 0.3137 0.7495 0.3219 0.7495 0.3252 0.7538 0.3284 0.7495 0.3333 0.7538 0.3415 0.7538 0.3448 0.7495 0.3497 0.7255 0.3497 0.7124 0.3595 0.6841 0.3578 0.6776 0.3611 0.6471 0.3595 0.6100 0.3529 0.5861 0.3464 0.5839
1 0.3317 0.7625 0.3072 0.7669 0.3007 0.7734 0.2974 0.7821 0.2827 0.8519 0.2778 0.8911 0.2712 0.9150 0.2663 0.9651 0.2631 0.9717 0.2631 0.9978 0.3709 0.9978 0.3758 0.9739 0.3775 0.9063 0.3824 0.8932 0.3791 0.8736 0.3791 0.8148 0.3758 0.7821 0.3725 0.7734 0.3676 0.7669 0.3562 0.7625
1 0.4428 0.7908 0.4199 0.7974 0.4183 0.8083 0.4101 0.8235 0.4101 0.8301 0.4069 0.8344 0.4069 0.8475 0.4036 0.8519 0.4036 0.9586 0.4069 0.9630 0.4069 0.9956 0.4134 0.9978 0.5327 0.9978 0.5196 0.9172 0.5163 0.9085 0.5114 0.9085 0.5082 0.8715 0.4967 0.8431 0.4886 0.8061 0.4853 0.7974 0.4788 0.7908
1 0.4412 0.6623 0.4216 0.6667 0.4150 0.6754 0.4134 0.6863 0.4118 0.7538 0.4199 0.7865 0.4265 0.7908 0.4314 0.7865 0.4428 0.7843 0.4673 0.7843 0.4706 0.7800 0.4771 0.7865 0.4820 0.7778 0.4837 0.7211 0.4788 0.7037 0.4804 0.6993 0.4771 0.6776 0.4690 0.6623
1 0.4052 0.5556 0.3905 0.5621 0.3824 0.5795 0.3791 0.6100 0.3807 0.6710 0.3873 0.6797 0.3954 0.6797 0.4036 0.6710 0.4101 0.6732 0.4248 0.6601 0.4444 0.6536 0.4461 0.6383 0.4428 0.6187 0.4395 0.6144 0.4412 0.6100 0.4346 0.5817 0.4265 0.5621 0.4232 0.5621 0.4199 0.5556
1 0.3693 0.4815 0.3627 0.5207 0.3578 0.5251 0.3611 0.5359 0.3578 0.5556 0.3595 0.5817 0.3627 0.5861 0.3742 0.5861 0.3905 0.5577 0.4085 0.5512 0.4085 0.5229 0.4003 0.4858 0.3725 0.4815
1 0.4379 0.4706 0.4265 0.4749 0.4216 0.4967 0.4183 0.5011 0.4167 0.5359 0.4199 0.5490 0.4265 0.5556 0.4510 0.5534 0.4575 0.5447 0.4575 0.5359 0.4624 0.5251 0.4624 0.5142 0.4657 0.5076 0.4608 0.4749 0.4510 0.4706
1 0.4379 0.4706 0.4265 0.4749 0.4167 0.5098 0.4167 0.5425 0.4183 0.5490 0.4265 0.5556 0.4542 0.5534 0.4575 0.5447 0.4575 0.5359 0.4624 0.5272 0.4641 0.5163 0.4641 0.4946 0.4608 0.4749 0.4526 0.4706
1 0.4853 0.5054 0.4690 0.5098 0.4641 0.5185 0.4592 0.5403 0.4592 0.5621 0.4657 0.5991 0.4657 0.6166 0.4739 0.6253 0.4820 0.6209 0.4837 0.6122 0.4902 0.6035 0.4967 0.5861 0.5049 0.5817 0.5163 0.5817 0.5131 0.5512 0.5082 0.5316 0.4967 0.5098 0.4902 0.5054
1 0.5082 0.5839 0.4967 0.5882 0.4902 0.6013 0.4837 0.6209 0.4820 0.6427 0.4820 0.6536 0.4869 0.6601 0.4886 0.7102 0.4918 0.7211 0.4984 0.7277 0.5376 0.7255 0.5474 0.7168 0.5605 0.7146 0.5654 0.7059 0.5654 0.6776 0.5458 0.6057 0.5392 0.5926 0.5261 0.5839
1 0.5719 0.5534 0.5654 0.5556 0.5556 0.5752 0.5507 0.6035 0.5539 0.6296 0.5621 0.6449 0.5605 0.6492 0.5670 0.6514 0.5784 0.6688 0.5833 0.6885 0.5948 0.6950 0.6078 0.6950 0.6095 0.6841 0.6193 0.6710 0.6471 0.6536 0.6454 0.6427 0.6373 0.6275 0.6340 0.6100 0.6258 0.5904 0.6062 0.5599 0.5964 0.5534
1 0.6569 0.6580 0.6422 0.6623 0.6258 0.6732 0.6127 0.6972 0.6095 0.7168 0.6144 0.7255 0.6176 0.7255 0.6225 0.7320 0.6258 0.7473 0.6356 0.7603 0.6471 0.7887 0.6536 0.7952 0.6569 0.8083 0.6667 0.8170 0.6765 0.8431 0.6765 0.8519 0.6846 0.8671 0.6879 0.8715 0.6993 0.8693 0.7157 0.8736 0.7337 0.8715 0.7418 0.8671 0.7631 0.8671 0.7663 0.8627 0.7745 0.8671 0.7859 0.8475 0.7843 0.8039 0.7794 0.7908 0.7565 0.7603 0.7565 0.7538 0.7516 0.7429 0.7435 0.7342 0.7255 0.7037 0.6977 0.6754 0.6879 0.6710 0.6846 0.6645 0.6699 0.6580
1 0.5703 0.7168 0.5490 0.7211 0.5392 0.7320 0.5327 0.7712 0.5359 0.7908 0.5359 0.8126 0.5458 0.8322 0.5474 0.8519 0.5605 0.8954 0.5621 0.9259 0.5735 0.9434 0.5866 0.9499 0.5980 0.9499 0.6062 0.9434 0.6095 0.9346 0.6160 0.9303 0.6176 0.9216 0.6324 0.9194 0.6405 0.9237 0.6634 0.9237 0.6699 0.9194 0.6699 0.8911 0.6552 0.8366 0.6585 0.8279 0.6520 0.8235 0.6520 0.8170 0.6193 0.7364 0.6127 0.7277 0.5997 0.7190 0.5866 0.7168
1 0.6422 0.9281 0.6111 0.9390 0.6078 0.9477 0.5980 0.9564 0.5882 0.9717 0.5899 0.9913 0.5866 0.9935 0.5899 0.9978 0.7173 0.9978 0.7157 0.9891 0.6912 0.9412 0.6846 0.9325 0.6748 0.9281
1 0.8840 0.8017 0.8399 0.8061 0.8333 0.8083 0.8252 0.8170 0.8203 0.8453 0.8137 0.8606 0.8088 0.8824 0.8105 0.9150 0.8154 0.9259 0.8219 0.9346 0.8366 0.9368 0.8480 0.9542 0.8546 0.9586 0.8725 0.9847 0.8856 0.9978 0.8954 0.9978 0.8938 0.9935 0.8971 0.9826 0.8971 0.9630 0.9020 0.9499 0.9003 0.9281 0.9036 0.9216 0.9085 0.9303 0.9069 0.9390 0.9118 0.9455 0.9069 0.9521 0.9052 0.9673 0.9118 0.9717 0.9134 0.9826 0.9183 0.9826 0.9216 0.9869 0.9216 0.9978 0.9281 0.9978 0.9314 0.9847 0.9412 0.9673 0.9608 0.9651 0.9706 0.9586 0.9706 0.9477 0.9673 0.9390 0.9690 0.9346 0.9641 0.9346 0.9673 0.9107 0.9706 0.9063 0.9706 0.8954 0.9624 0.8736 0.9575 0.8715 0.9330 0.8431 0.9265 0.8431 0.9167 0.8279 0.9069 0.8279 0.9036 0.8148 0.8840 0.8126 0.8824 0.8083 0.8873 0.8061 0.8856 0.8039
1 0.8137 0.6580 0.7974 0.6601 0.7908 0.6645 0.7745 0.6885 0.7712 0.7059 0.7712 0.7298 0.7745 0.7407 0.7990 0.7538 0.8252 0.7865 0.8317 0.7887 0.8431 0.7996 0.8889 0.7974 0.9020 0.8017 0.9085 0.8126 0.9265 0.8192 0.9314 0.8148 0.9330 0.8017 0.9297 0.7778 0.9150 0.7560 0.9118 0.7603 0.9101 0.7582 0.9101 0.7429 0.9069 0.7342 0.9020 0.7298 0.8938 0.7081 0.8611 0.6732 0.8382 0.6601 0.8252 0.6580
1 0.6928 0.5534 0.6732 0.5599 0.6650 0.5795 0.6618 0.5969 0.6650 0.6209 0.6814 0.6471 0.6830 0.6580 0.6879 0.6623 0.7075 0.6754 0.7353 0.6776 0.7516 0.6776 0.7549 0.6732 0.7549 0.6405 0.7516 0.6275 0.7451 0.6187 0.7418 0.5991 0.7271 0.5686 0.7157 0.5577 0.6944 0.5534
1 0.5948 0.3704 0.5768 0.3747 0.5752 0.3943 0.5719 0.4009 0.5752 0.4074 0.5752 0.4161 0.5703 0.4292 0.5703 0.4488 0.5735 0.4532 0.5735 0.4641 0.5768 0.4684 0.5850 0.5098 0.5931 0.5229 0.5980 0.5425 0.5964 0.5468 0.6176 0.5686 0.6422 0.5730 0.6618 0.5730 0.6765 0.5512 0.6895 0.5468 0.6961 0.5185 0.6961 0.4597 0.6846 0.4423 0.6846 0.4379 0.6797 0.4314 0.6797 0.4248 0.6601 0.4031 0.6405 0.3900 0.6307 0.3769 0.5997 0.3704
1 0.7206 0.4009 0.7157 0.4052 0.7124 0.4031 0.7010 0.4074 0.6977 0.4336 0.6944 0.4379 0.6993 0.4815 0.6977 0.4858 0.7026 0.5120 0.7239 0.5403 0.7271 0.5403 0.7320 0.5490 0.7451 0.5599 0.7516 0.5708 0.7778 0.5991 0.7843 0.5969 0.7859 0.5948 0.7827 0.5904 0.7908 0.5817 0.7974 0.5839 0.8023 0.5904 0.8072 0.6100 0.8072 0.6275 0.8186 0.6471 0.8219 0.6471 0.8268 0.6536 0.8431 0.6558 0.8595 0.6645 0.8889 0.6645 0.9085 0.6601 0.9199 0.6623 0.9297 0.6601 0.9363 0.6536 0.9379 0.6166 0.9428 0.6057 0.9412 0.5664 0.9461 0.5599 0.9477 0.5512 0.9461 0.5316 0.9428 0.5229 0.9003 0.4924 0.8807 0.4837 0.8709 0.4728 0.8611 0.4684 0.8578 0.4619 0.8497 0.4619 0.8301 0.4510 0.8137 0.4336 0.7990 0.4292 0.7631 0.4074 0.7239 0.4009
1 0.4820 0.4488 0.4788 0.4553 0.4804 0.4989 0.4967 0.5033 0.5000 0.5076 0.5000 0.5142 0.5082 0.5251 0.5131 0.5251 0.5212 0.5033 0.5196 0.4837 0.5163 0.4684 0.5082 0.4597 0.5065 0.4532 0.4984 0.4488
1 0.5441 0.5054 0.5229 0.5076 0.5196 0.5120 0.5147 0.5403 0.5180 0.5752 0.5212 0.5795 0.5327 0.5817 0.5441 0.5948 0.5474 0.5948 0.5621 0.5534 0.5719 0.5490 0.5670 0.5425 0.5686 0.5403 0.5605 0.5207 0.5523 0.5098 0.5458 0.5076
1 0.3840 0.4357 0.3725 0.4619 0.3725 0.4749 0.3758 0.4793 0.3938 0.4771 0.4069 0.4815 0.4069 0.4706 0.4101 0.4662 0.4085 0.4553 0.4183 0.4488 0.4150 0.4466 0.4134 0.4379 0.4052 0.4357
1 0.5458 0.3922 0.5327 0.4205 0.5310 0.4423 0.5572 0.4466 0.5670 0.4444 0.5654 0.4336 0.5686 0.4227 0.5686 0.3965 0.5605 0.3922
1 0.8284 0.3660 0.8203 0.3813 0.8170 0.4009 0.8284 0.4161 0.8366 0.4336 0.8693 0.4336 0.8742 0.4379 0.8742 0.4488 0.8775 0.4532 0.8905 0.4532 0.8987 0.4444 0.8971 0.4161 0.8922 0.3965 0.8840 0.3856 0.8676 0.3747 0.8464 0.3660 0.8366 0.3660
1 0.4477 0.4009 0.4379 0.4118 0.4346 0.4270 0.4379 0.4641 0.4510 0.4641 0.4592 0.4684 0.4657 0.4662 0.4673 0.4597 0.4673 0.4314 0.4624 0.4096 0.4542 0.4074 0.4510 0.4009
1 0.1225 0.4989 0.0997 0.5142 0.0964 0.5207 0.0980 0.5512 0.0948 0.5708 0.0997 0.5839 0.1144 0.5926 0.1291 0.5926 0.1340 0.5882 0.1667 0.5904 0.1683 0.5839 0.1683 0.5599 0.1634 0.5621 0.1618 0.5534 0.1585 0.5621 0.1536 0.5556 0.1552 0.5468 0.1618 0.5403 0.1699 0.5447 0.1667 0.5359 0.1699 0.5316 0.1650 0.5316 0.1650 0.5381 0.1601 0.5403 0.1552 0.5251 0.1585 0.5163 0.1552 0.5120 0.1454 0.5076 0.1258 0.5120 0.1242 0.4989
1 0.0572 0.4379 0.0343 0.4488 0.0310 0.4532 0.0294 0.4641 0.0229 0.4706 0.0212 0.4793 0.0229 0.4880 0.0327 0.4967 0.0490 0.4989 0.0539 0.5033 0.0768 0.5011 0.0866 0.4858 0.0948 0.4837 0.1029 0.4749 0.1029 0.4532 0.0817 0.4379
1 0.0376 0.5076 0.0180 0.5163 0.0000 0.5316 0.0000 0.6078 0.0245 0.5991 0.0866 0.5904 0.0948 0.5839 0.0948 0.5163 0.0801 0.5098 0.0523 0.5076
1 0.8448 0.5621 0.8448 0.5882 0.8480 0.5795 0.8480 0.5621
1 0.8448 0.5621 0.8448 0.5882 0.8480 0.5795 0.8480 0.5621
1 0.1405 0.3203 0.0801 0.3333 0.0441 0.3595 0.0376 0.3595 0.0098 0.3725 0.0065 0.3769 0.0082 0.3965 0.0180 0.4096 0.0245 0.4118 0.0310 0.4205 0.0343 0.4336 0.0408 0.4379 0.0752 0.4314 0.0752 0.4205 0.0801 0.4118 0.0931 0.4248 0.0980 0.4248 0.0997 0.4118 0.1078 0.4031 0.1242 0.3987 0.1471 0.3769 0.1536 0.3769 0.1569 0.3725 0.1716 0.3725 0.1748 0.3377 0.1716 0.3246 0.1667 0.3203
1 0.1732 0.4118 0.1569 0.4139 0.1373 0.4227 0.1324 0.4336 0.1307 0.4510 0.1503 0.4510 0.1618 0.4553 0.1781 0.4684 0.1830 0.4684 0.1879 0.4597 0.1928 0.4619 0.1993 0.4466 0.1944 0.4401 0.1977 0.4336 0.1961 0.4314 0.1928 0.4357 0.1863 0.4161 0.1814 0.4118