1 0.0000 0.1373 0.0000 0.3897 0.0114 0.3971 0.0212 0.4191 0.0359 0.4412 0.0441 0.4461 0.0523 0.4461 0.0572 0.4412 0.0850 0.4436 0.0915 0.4363 0.0931 0.4485 0.0980 0.4485 0.1029 0.4338 0.1013 0.4314 0.1078 0.4216 0.1373 0.3971 0.1405 0.4020 0.1487 0.3971 0.1520 0.3922 0.1503 0.3873 0.1748 0.3554 0.1748 0.3431 0.1814 0.3333 0.1667 0.2941 0.1650 0.2819 0.1601 0.2794 0.1454 0.2549 0.1275 0.2475 0.1209 0.2402 0.1176 0.2353 0.1225 0.2304 0.1127 0.2279 0.1127 0.2108 0.1095 0.2034 0.1046 0.2034 0.1013 0.2083 0.0899 0.2059 0.0833 0.1961 0.0523 0.1691 0.0016 0.1397
1 0.6062 0.3039 0.5931 0.3064 0.5621 0.3309 0.5474 0.3480 0.5294 0.3799 0.5310 0.3995 0.5261 0.4534 0.5327 0.4657 0.5441 0.5025 0.5637 0.5245 0.5735 0.5270 0.5817 0.5270 0.5948 0.5123 0.6046 0.5147 0.7124 0.5809 0.7435 0.6054 0.7435 0.6152 0.7500 0.6373 0.7598 0.6544 0.7778 0.6593 0.7843 0.6691 0.8007 0.6691 0.8088 0.6618 0.8219 0.6373 0.8480 0.6250 0.8562 0.6127 0.8578 0.6005 0.8611 0.5980 0.8644 0.5858 0.8856 0.5539 0.8971 0.5221 0.9003 0.5049 0.9036 0.4681 0.9036 0.4436 0.9003 0.4338 0.8627 0.4020 0.8415 0.3725 0.8072 0.3480 0.7631 0.3284 0.7549 0.3211 0.7271 0.3088 0.7124 0.3088 0.7026 0.3137 0.7010 0.3186 0.6650 0.3211 0.6487 0.3113 0.6242 0.3039
0 0.2565 0.0613 0.2533 0.0637 0.2467 0.0833 0.2549 0.1103 0.2549 0.2010 0.2647 0.1961 0.2663 0.1863 0.2696 0.1887 0.2680 0.1961 0.2712 0.1985 0.2761 0.1985 0.2794 0.1936 0.2778 0.1520 0.2810 0.1446 0.2614 0.0858 0.2614 0.0686 0.2582 0.0613
0 0.3627 0.1078 0.3578 0.1176 0.3611 0.1324 0.3529 0.1667 0.3562 0.1887 0.3546 0.2353 0.3578 0.2426 0.3693 0.2451 0.3742 0.2500 0.3807 0.2623 0.3889 0.2623 0.3807 0.2402 0.3791 0.2279 0.3791 0.2083 0.3824 0.1936 0.3824 0.1446 0.3725 0.1250 0.3742 0.1127 0.3709 0.1078
0 0.3219 0.3088 0.3170 0.3137 0.3170 0.3309 0.3056 0.3505 0.2990 0.3873 0.3039 0.3946 0.3072 0.3946 0.3121 0.3676 0.3154 0.3627 0.3203 0.3627 0.3235 0.3676 0.3235 0.3848 0.3170 0.3922 0.3252 0.4020 0.3382 0.4020 0.3480 0.3946 0.3546 0.3750 0.3529 0.3554 0.3448 0.3382 0.3350 0.3284 0.3333 0.3186 0.3252 0.3088
0 0.1029 0.5662 0.0980 0.5760 0.0980 0.5956 0.1029 0.6078 0.1176 0.5980 0.1176 0.5760 0.1111 0.5662
0 0.3023 0.7500 0.2941 0.7574 0.2925 0.7721 0.2974 0.8799 0.3007 0.8946 0.3121 0.9191 0.3252 0.9314 0.3333 0.9314 0.3382 0.9265 0.3350 0.9191 0.3235 0.9093 0.3252 0.8922 0.3284 0.8873 0.3366 0.8873 0.3284 0.8873 0.3268 0.8824 0.3366 0.8554 0.3382 0.8088 0.3317 0.7941 0.3252 0.7966 0.3154 0.7819 0.3154 0.7623 0.3105 0.7525 0.3056 0.7500
0 0.1111 0.5662 0.1111 0.5662 0.1029 0.5662 0.0980 0.5760 0.0980 0.5956 0.1029 0.6078 0.1176 0.5980 0.1176 0.5760 0.1111 0.5662 0.1111 0.5662 0.1176 0.5735 0.1176 0.5858 0.1209 0.5956 0.1307 0.6103 0.1487 0.6225 0.1503 0.6373 0.1503 0.6520 0.1471 0.6569 0.1454 0.6740 0.1487 0.7108 0.1536 0.7304 0.1520 0.7426 0.1454 0.7500 0.1389 0.7426 0.1373 0.7132 0.1307 0.6985 0.1275 0.7034 0.1275 0.7230 0.1307 0.7304 0.1307 0.7426 0.1275 0.7500 0.1242 0.7500 0.1160 0.7353 0.1127 0.6936 0.1062 0.6765 0.1046 0.6569 0.0915 0.6397 0.0882 0.6299 0.0882 0.6225 0.0980 0.6029 0.0980 0.5735 0.1029 0.5662
0 0.4853 0.7623 0.4804 0.7647 0.4771 0.7721 0.4804 0.8039 0.4526 0.8407 0.4493 0.8529 0.4542 0.8627 0.4673 0.8652 0.4804 0.9142 0.4804 0.9363 0.4886 0.9510 0.4935 0.9485 0.4967 0.9191 0.5065 0.9265 0.5131 0.9216 0.5114 0.9020 0.5016 0.8725 0.5065 0.8603 0.5065 0.8431 0.5147 0.8358 0.5245 0.8358 0.5294 0.8309 0.5278 0.8211 0.5212 0.8137 0.5163 0.8162 0.5131 0.8064 0.5000 0.8039 0.4951 0.7966 0.4951 0.7696 0.4886 0.7623
0 0.7484 0.0392 0.7435 0.0490 0.7435 0.0588 0.7353 0.0686 0.7304 0.0907 0.7320 0.1152 0.7271 0.1569 0.7239 0.1618 0.7239 0.1765 0.7271 0.1789 0.7402 0.1789 0.7484 0.1520 0.7516 0.1201 0.7565 0.1127 0.7565 0.0441 0.7516 0.0392
0 0.5588 0.0931 0.5523 0.1005 0.5539 0.1225 0.5474 0.1373 0.5474 0.1642 0.5408 0.1838 0.5408 0.1912 0.5474 0.1961 0.5474 0.2083 0.5539 0.2402 0.5621 0.2598 0.5637 0.2623 0.5703 0.2574 0.5686 0.2426 0.5654 0.2377 0.5654 0.2083 0.5735 0.1544 0.5735 0.1324 0.5654 0.1176 0.5654 0.1029 0.5605 0.0956
0 0.4167 0.0711 0.4101 0.0784 0.4118 0.0907 0.4085 0.0956 0.4036 0.0907 0.4036 0.0980 0.4085 0.1029 0.4069 0.1152 0.4118 0.1373 0.4118 0.1961 0.4150 0.2010 0.4199 0.2010 0.4216 0.1961 0.4199 0.1789 0.4232 0.1691 0.4248 0.1961 0.4346 0.1961 0.4314 0.1275 0.4379 0.1127 0.4346 0.1005 0.4265 0.0882 0.4232 0.0735 0.4199 0.0711
0 0.3382 0.0000 0.3382 0.0049 0.3448 0.0147 0.3448 0.0319 0.3497 0.0588 0.3448 0.0686 0.3644 0.0784 0.3693 0.0686 0.3775 0.0686 0.3791 0.0637 0.3725 0.0515 0.3709 0.0319 0.3611 0.0000
0 0.4935 0.0319 0.4902 0.0392 0.4918 0.0515 0.4853 0.0539 0.4853 0.0588 0.4902 0.0637 0.4886 0.0735 0.4918 0.0809 0.4902 0.1348 0.4869 0.1397 0.4869 0.1495 0.4837 0.1520 0.4820 0.1471 0.4771 0.1544 0.4771 0.1667 0.4788 0.1544 0.4853 0.1520 0.4886 0.1569 0.4869 0.1691 0.4918 0.1691 0.4935 0.1544 0.4984 0.1544 0.5000 0.1642 0.5049 0.1642 0.5033 0.1520 0.5065 0.0907 0.5016 0.0319
0 0.8056 0.1642 0.8007 0.1740 0.8007 0.1838 0.7941 0.1887 0.7859 0.2034 0.7827 0.2181 0.7859 0.2328 0.7843 0.2525 0.7745 0.2843 0.7729 0.2990 0.7647 0.3113 0.7663 0.3162 0.7729 0.3162 0.7827 0.3088 0.7843 0.2843 0.7908 0.2721 0.7941 0.2770 0.7876 0.3211 0.7892 0.3260 0.7958 0.3235 0.7958 0.3113 0.8072 0.2598 0.8105 0.2549 0.8121 0.2426 0.8203 0.2353 0.8219 0.2279 0.8219 0.2010 0.8154 0.1863 0.8170 0.1716 0.8137 0.1642
0 0.8840 0.1225 0.8791 0.1275 0.8758 0.1520 0.8709 0.1593 0.8611 0.1887 0.8611 0.2059 0.8644 0.2206 0.8611 0.2696 0.8644 0.2745 0.8693 0.2696 0.8725 0.2475 0.8824 0.2525 0.8889 0.2500 0.8873 0.2059 0.8971 0.1716 0.8971 0.1593 0.8905 0.1446 0.8905 0.1299 0.8856 0.1225
0 0.9493 0.2623 0.9412 0.2696 0.9395 0.2843 0.9297 0.2941 0.9150 0.3431 0.9085 0.3529 0.8987 0.3824 0.9003 0.3897 0.9134 0.3848 0.9167 0.3873 0.9183 0.3922 0.9134 0.4216 0.9199 0.4265 0.9232 0.4265 0.9281 0.4191 0.9379 0.3922 0.9395 0.3799 0.9510 0.3578 0.9559 0.3333 0.9592 0.2966 0.9575 0.2672 0.9526 0.2623