0 0.432813 0.461111 0.432813 0.472222 0.43125 0.475 0.43125 0.477778 0.426562 0.486111 0.421875 0.486111 0.421875 0.544444 0.429688 0.544444 0.43125 0.547222 0.434375 0.547222 0.435937 0.55 0.435937 0.558333 0.442187 0.558333 0.442187 0.55 0.445312 0.544444 0.448438 0.544444 0.45 0.541667 0.460938 0.541667 0.4625 0.544444 0.467187 0.544444 0.46875 0.547222 0.470313 0.547222 0.471875 0.55 0.471875 0.558333 0.495313 0.558333 0.495313 0.483333 0.490625 0.483333 0.489062 0.480556 0.489062 0.477778 0.4875 0.475 0.4875 0.461111
0 0.325 0.461111 0.325 0.469444 0.323438 0.472222 0.323438 0.475 0.320312 0.480556 0.315625 0.480556 0.315625 0.522222 0.325 0.522222 0.326562 0.519444 0.346875 0.519444 0.348437 0.522222 0.364062 0.522222 0.364062 0.475 0.357812 0.475 0.35625 0.472222 0.35625 0.461111
0 0.259375 0.472222 0.259375 0.497222 0.271875 0.497222 0.273438 0.494444 0.275 0.494444 0.276563 0.491667 0.276563 0.472222
0 0.296875 0.461111 0.296875 0.502778 0.307813 0.502778 0.307813 0.494444 0.314063 0.483333 0.320312 0.483333 0.320312 0.480556 0.315625 0.480556 0.3125 0.475 0.3125 0.461111
0 0.409375 0.461111 0.409375 0.502778 0.423438 0.502778 0.423438 0.491667 0.428125 0.483333 0.432813 0.483333 0.432813 0.461111
0 0.228125 0.461111 0.228125 0.502778 0.248437 0.502778 0.248437 0.491667 0.25 0.488889 0.25 0.486111 0.253125 0.480556 0.257812 0.480556 0.257812 0.477778 0.253125 0.477778 0.251563 0.475 0.251563 0.461111
0 0.396875 0.461111 0.396875 0.502778 0.414062 0.502778 0.414062 0.461111
0 0.496875 0.472222 0.496875 0.5 0.503125 0.5 0.503125 0.497222 0.510938 0.483333 0.5125 0.483333 0.514063 0.480556 0.514063 0.472222
0 0.296875 0.461111 0.296875 0.502778 0.307813 0.502778 0.307813 0.494444 0.309375 0.491667 0.314063 0.491667 0.314063 0.461111
0 0.278125 0.461111 0.278125 0.502778 0.295312 0.502778 0.295312 0.461111
