0 0.845312 0.327778 0.845312 0.336111 0.84375 0.338889 0.842188 0.338889 0.840625 0.341667 0.839063 0.341667 0.8375 0.344444 0.835938 0.344444 0.834375 0.347222 0.832812 0.347222 0.829687 0.352778 0.828125 0.352778 0.81875 0.369444 0.817187 0.369444 0.814062 0.375 0.809375 0.375 0.809375 0.486111 0.829687 0.486111 0.83125 0.488889 0.839063 0.488889 0.840625 0.491667 0.84375 0.491667 0.845312 0.494444 0.846875 0.494444 0.848437 0.497222 0.85 0.497222 0.854688 0.505556 0.85625 0.505556 0.857813 0.508333 0.860937 0.508333 0.8625 0.511111 0.867188 0.511111 0.86875 0.513889 0.875 0.513889 0.876562 0.511111 0.879687 0.511111 0.88125 0.508333 0.8875 0.508333 0.889063 0.505556 0.89375 0.505556 0.895312 0.502778 0.9 0.502778 0.901563 0.5 0.9125 0.5 0.914062 0.497222 0.94375 0.497222 0.945312 0.5 0.971875 0.5 0.973437 0.497222 0.975 0.497222 0.976562 0.494444 0.998438 0.494444 0.998438 0.405556 0.995313 0.405556 0.990625 0.397222 0.990625 0.394444 0.9875 0.388889 0.9875 0.386111 0.982813 0.377778 0.982813 0.375 0.978125 0.366667 0.978125 0.363889 0.973437 0.355556 0.973437 0.352778 0.967188 0.341667 0.967188 0.338889 0.965625 0.336111 0.965625 0.327778
0 0.682813 0.338889 0.682813 0.35 0.68125 0.352778 0.679688 0.352778 0.678125 0.355556 0.676562 0.355556 0.673437 0.361111 0.671875 0.361111 0.6625 0.377778 0.6625 0.380556 0.660937 0.383333 0.660937 0.386111 0.65 0.405556 0.65 0.408333 0.648438 0.411111 0.648438 0.413889 0.645312 0.419444 0.640625 0.419444 0.640625 0.483333 0.645312 0.483333 0.646875 0.486111 0.648438 0.486111 0.651563 0.491667 0.657812 0.491667 0.659375 0.488889 0.660937 0.488889 0.6625 0.486111 0.664062 0.486111 0.665625 0.483333 0.667188 0.483333 0.66875 0.480556 0.670313 0.480556 0.671875 0.477778 0.678125 0.477778 0.679688 0.480556 0.679688 0.483333 0.68125 0.486111 0.68125 0.491667 0.6875 0.502778 0.6875 0.513889 0.707812 0.513889 0.707812 0.505556 0.709375 0.502778 0.7125 0.502778 0.714063 0.5 0.720312 0.5 0.721875 0.497222 0.725 0.497222 0.726562 0.494444 0.746875 0.494444 0.748438 0.491667 0.76875 0.491667 0.770312 0.494444 0.775 0.494444 0.776563 0.497222 0.782812 0.497222 0.790625 0.483333 0.795313 0.483333 0.796875 0.480556 0.801562 0.480556 0.804688 0.475 0.804688 0.463889 0.80625 0.461111 0.80625 0.455556 0.804688 0.452778 0.804688 0.447222 0.80625 0.444444 0.80625 0.425 0.807813 0.422222 0.807813 0.416667 0.809375 0.413889 0.814062 0.413889 0.814062 0.386111 0.809375 0.386111 0.798437 0.366667 0.798437 0.363889 0.796875 0.361111 0.796875 0.358333 0.795313 0.355556 0.79375 0.355556 0.790625 0.35 0.790625 0.338889
0 0.0875 0.427778 0.0875 0.438889 0.08125 0.45 0.0796875 0.45 0.078125 0.452778 0.071875 0.452778 0.071875 0.483333 0.0796875 0.483333 0.08125 0.486111 0.0828125 0.486111 0.084375 0.488889 0.0921875 0.488889 0.09375 0.486111 0.117188 0.486111 0.11875 0.483333 0.128125 0.483333 0.129688 0.480556 0.13125 0.480556 0.13125 0.458333 0.132812 0.455556 0.134375 0.455556 0.139062 0.447222 0.14375 0.447222 0.145313 0.444444 0.151562 0.444444 0.151562 0.427778
0 0.589063 0.372222 0.589063 0.383333 0.5875 0.386111 0.5875 0.388889 0.585938 0.391667 0.585938 0.394444 0.582812 0.4 0.578125 0.4 0.578125 0.447222 0.6 0.447222 0.6 0.416667 0.601562 0.413889 0.601562 0.411111 0.603125 0.408333 0.603125 0.405556 0.615625 0.383333 0.617188 0.383333 0.61875 0.380556 0.61875 0.372222
0 0.635938 0.372222 0.635938 0.380556 0.632812 0.386111 0.63125 0.386111 0.629687 0.388889 0.625 0.388889 0.623438 0.386111 0.617188 0.386111 0.615625 0.388889 0.614062 0.388889 0.6125 0.391667 0.6125 0.394444 0.609375 0.4 0.603125 0.4 0.603125 0.441667 0.610937 0.441667 0.6125 0.444444 0.620313 0.444444 0.623438 0.45 0.623438 0.458333 0.639063 0.458333 0.639063 0.444444 0.640625 0.441667 0.640625 0.419444 0.642187 0.416667 0.642187 0.413889 0.646875 0.405556 0.646875 0.402778 0.648438 0.4 0.648438 0.397222 0.65 0.394444 0.65 0.391667 0.654688 0.383333 0.65625 0.383333 0.657812 0.380556 0.664062 0.380556 0.664062 0.372222
0 0.440625 0.372222 0.440625 0.411111 0.45625 0.411111 0.457812 0.408333 0.464063 0.408333 0.464063 0.372222
0 0.521875 0.383333 0.521875 0.408333 0.539062 0.408333 0.540625 0.405556 0.545313 0.405556 0.545313 0.394444 0.540625 0.394444 0.539062 0.391667 0.539062 0.383333
0 0.415625 0.361111 0.415625 0.402778 0.428125 0.402778 0.428125 0.394444 0.43125 0.388889 0.432813 0.388889 0.434375 0.386111 0.439063 0.386111 0.439063 0.361111
0 0.446875 0.361111 0.446875 0.372222 0.445312 0.375 0.440625 0.375 0.440625 0.411111 0.45625 0.411111 0.457812 0.408333 0.464063 0.408333 0.464063 0.361111
0 0.515625 0.383333 0.515625 0.413889 0.539062 0.413889 0.539062 0.383333 0.529688 0.383333 0.529688 0.391667 0.528125 0.394444 0.526563 0.394444 0.525 0.391667 0.525 0.383333
0 0.334375 0.383333 0.334375 0.447222 0.365625 0.447222 0.365625 0.436111 0.367188 0.433333 0.367188 0.430556 0.36875 0.427778 0.36875 0.419444 0.370313 0.416667 0.370313 0.397222 0.36875 0.394444 0.36875 0.383333
0 0.610937 0.383333 0.610937 0.394444 0.607813 0.4 0.60625 0.4 0.60625 0.402778 0.603125 0.408333 0.596875 0.408333 0.596875 0.438889 0.604688 0.438889 0.60625 0.441667 0.609375 0.441667 0.610937 0.444444 0.623438 0.444444 0.626562 0.45 0.626562 0.458333 0.645312 0.458333 0.645312 0.433333 0.640625 0.433333 0.6375 0.427778 0.6375 0.413889 0.639063 0.411111 0.645312 0.411111 0.645312 0.383333
