0 0.5125 0.372222 0.5125 0.383333 0.507812 0.391667 0.507812 0.394444 0.504687 0.4 0.504687 0.402778 0.501562 0.408333 0.501562 0.411111 0.5 0.413889 0.5 0.419444 0.498437 0.422222 0.498437 0.425 0.495313 0.430556 0.490625 0.430556 0.490625 0.480556 0.503125 0.480556 0.509375 0.491667 0.509375 0.502778 0.515625 0.502778 0.515625 0.494444 0.51875 0.488889 0.520312 0.488889 0.521875 0.486111 0.528125 0.486111 0.529688 0.483333 0.535937 0.483333 0.5375 0.480556 0.55 0.480556 0.551562 0.483333 0.560938 0.483333 0.5625 0.486111 0.56875 0.486111 0.570312 0.488889 0.578125 0.488889 0.58125 0.494444 0.58125 0.502778 0.607813 0.502778 0.607813 0.422222 0.603125 0.422222 0.601562 0.419444 0.601562 0.416667 0.6 0.413889 0.6 0.408333 0.598437 0.405556 0.598437 0.402778 0.596875 0.4 0.595312 0.4 0.590625 0.391667 0.590625 0.388889 0.585938 0.380556 0.585938 0.372222
1 0.85625 0.272222 0.85625 0.302778 0.854688 0.305556 0.854688 0.311111 0.851562 0.316667 0.846875 0.316667 0.846875 0.525 0.85625 0.525 0.85625 0.508333 0.857813 0.505556 0.857813 0.502778 0.859375 0.5 0.860937 0.5 0.8625 0.502778 0.864062 0.502778 0.865625 0.505556 0.865625 0.513889 0.867188 0.516667 0.867188 0.525 0.878125 0.525 0.878125 0.477778 0.879687 0.475 0.879687 0.433333 0.88125 0.430556 0.88125 0.402778 0.882812 0.4 0.882812 0.397222 0.884375 0.394444 0.884375 0.391667 0.885938 0.388889 0.885938 0.386111 0.8875 0.383333 0.8875 0.380556 0.890625 0.375 0.895312 0.375 0.895312 0.327778 0.890625 0.327778 0.884375 0.316667 0.884375 0.313889 0.882812 0.313889 0.878125 0.305556 0.878125 0.302778 0.875 0.297222 0.875 0.272222
0 0.271875 0.383333 0.271875 0.436111 0.289062 0.436111 0.289062 0.425 0.290625 0.422222 0.290625 0.419444 0.292188 0.416667 0.292188 0.413889 0.29375 0.411111 0.29375 0.408333 0.296875 0.402778 0.296875 0.4 0.298438 0.397222 0.298438 0.383333
0 0.003125 0.372222 0.003125 0.5 0.015625 0.5 0.021875 0.511111 0.0234375 0.511111 0.025 0.513889 0.0265625 0.513889 0.028125 0.516667 0.028125 0.525 0.028125 0.516667 0.0296875 0.513889 0.0328125 0.513889 0.034375 0.511111 0.0359375 0.511111 0.0421875 0.5 0.0421875 0.497222 0.0453125 0.491667 0.0453125 0.488889 0.046875 0.486111 0.0484375 0.486111 0.05 0.483333 0.0515625 0.483333 0.053125 0.480556 0.0578125 0.480556 0.0578125 0.425 0.0515625 0.425 0.0453125 0.413889 0.04375 0.413889 0.0375 0.402778 0.034375 0.402778 0.0328125 0.4 0.0296875 0.4 0.028125 0.397222 0.0265625 0.397222 0.025 0.394444 0.0234375 0.394444 0.021875 0.391667 0.0203125 0.391667 0.0140625 0.380556 0.0140625 0.372222
0 0.128125 0.372222 0.128125 0.416667 0.132812 0.416667 0.1375 0.425 0.1375 0.427778 0.139062 0.430556 0.139062 0.480556 0.142188 0.480556 0.142188 0.469444 0.14375 0.466667 0.148438 0.466667 0.15 0.463889 0.153125 0.463889 0.154687 0.466667 0.157813 0.466667 0.160938 0.472222 0.160938 0.480556 0.16875 0.480556 0.16875 0.472222 0.171875 0.466667 0.175 0.466667 0.176563 0.463889 0.190625 0.463889 0.192188 0.461111 0.19375 0.461111 0.196875 0.455556 0.196875 0.452778 0.198437 0.45 0.198437 0.447222 0.2 0.444444 0.2 0.436111 0.198437 0.433333 0.198437 0.425 0.196875 0.422222 0.196875 0.413889 0.195312 0.411111 0.195312 0.405556 0.185937 0.388889 0.185937 0.386111 0.184375 0.383333 0.184375 0.372222
0 0.296875 0.383333 0.296875 0.441667 0.30625 0.441667 0.307813 0.438889 0.3125 0.438889 0.314063 0.436111 0.317187 0.436111 0.31875 0.438889 0.3375 0.438889 0.339063 0.441667 0.340625 0.441667 0.342187 0.438889 0.351562 0.438889 0.351562 0.4 0.346875 0.4 0.34375 0.394444 0.34375 0.383333
0 0.040625 0.372222 0.040625 0.411111 0.046875 0.411111 0.0515625 0.419444 0.0515625 0.422222 0.0609375 0.438889 0.0609375 0.441667 0.0640625 0.447222 0.0640625 0.455556 0.065625 0.458333 0.065625 0.466667 0.0671875 0.469444 0.0671875 0.472222 0.06875 0.475 0.0703125 0.475 0.071875 0.477778 0.0734375 0.477778 0.075 0.480556 0.0765625 0.480556 0.078125 0.483333 0.0796875 0.483333 0.08125 0.486111 0.084375 0.486111 0.0859375 0.488889 0.0890625 0.488889 0.090625 0.491667 0.0953125 0.491667 0.096875 0.488889 0.0984375 0.488889 0.1 0.486111 0.101562 0.486111 0.103125 0.483333 0.10625 0.483333 0.107813 0.480556 0.110937 0.480556 0.1125 0.477778 0.121875 0.477778 0.123438 0.480556 0.132812 0.480556 0.1375 0.472222 0.1375 0.425 0.134375 0.419444 0.134375 0.416667 0.129688 0.408333 0.129688 0.405556 0.128125 0.402778 0.128125 0.4 0.125 0.394444 0.125 0.391667 0.11875 0.380556 0.11875 0.372222
0 0.46875 0.383333 0.46875 0.394444 0.464063 0.402778 0.459375 0.402778 0.459375 0.444444 0.464063 0.444444 0.467187 0.45 0.467187 0.458333 0.475 0.458333 0.475 0.45 0.478125 0.444444 0.485938 0.444444 0.4875 0.441667 0.489062 0.441667 0.492188 0.436111 0.492188 0.433333 0.495313 0.427778 0.495313 0.425 0.496875 0.422222 0.496875 0.416667 0.498437 0.413889 0.498437 0.411111 0.5 0.408333 0.5 0.405556 0.503125 0.4 0.507812 0.4 0.507812 0.383333
0 0.434375 0.383333 0.434375 0.411111 0.440625 0.411111 0.44375 0.416667 0.44375 0.425 0.464063 0.425 0.464063 0.383333
0 0.440625 0.383333 0.440625 0.425 0.459375 0.425 0.459375 0.411111 0.4625 0.405556 0.4625 0.402778 0.465625 0.397222 0.470313 0.397222 0.470313 0.383333
0 0.353125 0.383333 0.353125 0.413889 0.376563 0.413889 0.376563 0.383333
0 0.346875 0.383333 0.346875 0.413889 0.370313 0.413889 0.370313 0.383333
0 0.371875 0.383333 0.371875 0.413889 0.385938 0.413889 0.385938 0.405556 0.3875 0.402778 0.3875 0.4 0.390625 0.394444 0.395312 0.394444 0.395312 0.383333
0 0.396875 0.383333 0.396875 0.413889 0.420312 0.413889 0.420312 0.402778 0.41875 0.4 0.41875 0.397222 0.417188 0.394444 0.417188 0.383333
0 0.467187 0.383333 0.467187 0.394444 0.464063 0.4 0.459375 0.4 0.459375 0.447222 0.490625 0.447222 0.490625 0.438889 0.492188 0.436111 0.492188 0.433333 0.495313 0.427778 0.495313 0.425 0.496875 0.422222 0.496875 0.416667 0.498437 0.413889 0.498437 0.411111 0.5 0.408333 0.5 0.405556 0.503125 0.4 0.507812 0.4 0.507812 0.383333
0 0.196875 0.394444 0.196875 0.447222 0.201562 0.447222 0.210938 0.430556 0.210938 0.425 0.2125 0.422222 0.2125 0.416667 0.214062 0.413889 0.2125 0.411111 0.2125 0.394444
0 0.240625 0.394444 0.240625 0.447222 0.264062 0.447222 0.264062 0.419444 0.259375 0.419444 0.257812 0.416667 0.257812 0.413889 0.25625 0.411111 0.25625 0.394444
