1 0.954687 0.461111 0.954687 0.475 0.951563 0.480556 0.946875 0.480556 0.946875 0.647222 0.953125 0.647222 0.953125 0.638889 0.954687 0.636111 0.954687 0.627778 0.95625 0.625 0.95625 0.613889 0.957812 0.611111 0.959375 0.611111 0.960938 0.613889 0.960938 0.622222 0.9625 0.625 0.9625 0.633333 0.964063 0.636111 0.964063 0.647222 0.967188 0.647222 0.967188 0.638889 0.973437 0.627778 0.973437 0.619444 0.971875 0.616667 0.971875 0.613889 0.96875 0.608333 0.96875 0.605556 0.967188 0.602778 0.967188 0.588889 0.96875 0.586111 0.96875 0.575 0.970312 0.572222 0.970312 0.555556 0.971875 0.552778 0.971875 0.538889 0.973437 0.536111 0.973437 0.508333 0.971875 0.505556 0.971875 0.497222 0.970312 0.494444 0.970312 0.491667 0.967188 0.486111 0.967188 0.483333 0.965625 0.480556 0.965625 0.477778 0.964063 0.475 0.964063 0.472222 0.9625 0.469444 0.9625 0.461111
0 0.534375 0.394444 0.534375 0.491667 0.570312 0.491667 0.570312 0.483333 0.571875 0.480556 0.571875 0.472222 0.573438 0.469444 0.573438 0.463889 0.575 0.461111 0.575 0.458333 0.576563 0.455556 0.576563 0.452778 0.578125 0.45 0.578125 0.447222 0.579687 0.444444 0.579687 0.441667 0.582812 0.436111 0.582812 0.433333 0.585938 0.427778 0.585938 0.425 0.5875 0.422222 0.5875 0.419444 0.589063 0.416667 0.595312 0.416667 0.595312 0.394444
1 0.846875 0.516667 0.846875 0.575 0.853125 0.575 0.854688 0.577778 0.854688 0.580556 0.85625 0.583333 0.85625 0.588889 0.857813 0.591667 0.857813 0.605556 0.859375 0.608333 0.859375 0.622222 0.860937 0.625 0.860937 0.630556 0.859375 0.633333 0.859375 0.638889 0.864062 0.647222 0.864062 0.658333 0.864062 0.65 0.867188 0.644444 0.867188 0.641667 0.86875 0.638889 0.86875 0.602778 0.870313 0.6 0.870313 0.580556 0.871875 0.577778 0.871875 0.572222 0.873438 0.569444 0.873438 0.563889 0.875 0.561111 0.875 0.558333 0.873438 0.555556 0.873438 0.547222 0.871875 0.544444 0.871875 0.538889 0.86875 0.533333 0.865625 0.533333 0.8625 0.527778 0.8625 0.516667
0 0.496875 0.427778 0.496875 0.469444 0.520312 0.469444 0.520312 0.427778
1 0.903125 0.494444 0.903125 0.597222 0.907812 0.597222 0.910937 0.591667 0.910937 0.586111 0.9125 0.583333 0.9125 0.566667 0.915625 0.561111 0.920313 0.561111 0.920313 0.494444
0 0 0.35 0 0.480556 0.028125 0.480556 0.028125 0.472222 0.025 0.466667 0.025 0.463889 0.0234375 0.461111 0.0234375 0.455556 0.021875 0.452778 0.021875 0.438889 0.0234375 0.436111 0.0234375 0.433333 0.0265625 0.427778 0.03125 0.427778 0.0328125 0.425 0.0453125 0.425 0.0453125 0.366667 0.040625 0.366667 0.0359375 0.358333 0.0359375 0.35
0 0.396875 0.438889 0.396875 0.491667 0.4125 0.491667 0.4125 0.483333 0.414062 0.480556 0.421875 0.480556 0.423438 0.483333 0.423438 0.491667 0.4375 0.491667 0.4375 0.480556 0.439063 0.477778 0.439063 0.469444 0.4375 0.466667 0.4375 0.458333 0.435937 0.455556 0.435937 0.438889
1 0.928125 0.472222 0.928125 0.480556 0.926562 0.483333 0.921875 0.483333 0.921875 0.566667 0.929688 0.566667 0.93125 0.563889 0.932813 0.563889 0.934375 0.561111 0.934375 0.547222 0.935938 0.544444 0.935938 0.530556 0.9375 0.527778 0.9375 0.519444 0.940625 0.513889 0.945312 0.513889 0.945312 0.502778 0.940625 0.502778 0.9375 0.497222 0.9375 0.488889 0.935938 0.486111 0.935938 0.472222
0 0.58125 0.427778 0.58125 0.441667 0.579687 0.444444 0.579687 0.447222 0.576563 0.452778 0.571875 0.452778 0.571875 0.513889 0.59375 0.513889 0.59375 0.502778 0.595312 0.5 0.598437 0.505556 0.598437 0.513889 0.609375 0.513889 0.609375 0.502778 0.610937 0.5 0.610937 0.483333 0.609375 0.480556 0.609375 0.466667 0.610937 0.463889 0.610937 0.447222 0.607813 0.441667 0.607813 0.427778
0 0.496875 0.427778 0.496875 0.469444 0.526563 0.469444 0.526563 0.427778
1 0.826563 0.261111 0.826563 0.272222 0.825 0.275 0.825 0.277778 0.823438 0.280556 0.823438 0.283333 0.821875 0.286111 0.815625 0.286111 0.815625 0.333333 0.821875 0.333333 0.825 0.327778 0.826563 0.327778 0.834375 0.313889 0.851562 0.313889 0.851562 0.261111
1 0.646875 0.461111 0.646875 0.525 0.653125 0.525 0.653125 0.513889 0.654688 0.511111 0.654688 0.505556 0.65625 0.502778 0.65625 0.497222 0.657812 0.494444 0.657812 0.488889 0.659375 0.486111 0.664062 0.486111 0.664062 0.461111
1 0.746875 0.461111 0.746875 0.563889 0.751562 0.563889 0.753125 0.561111 0.753125 0.538889 0.754687 0.536111 0.754687 0.516667 0.75625 0.513889 0.75625 0.511111 0.759375 0.505556 0.764063 0.505556 0.764063 0.461111
