0 0.151562 0.372222 0.151562 0.383333 0.1375 0.408333 0.1375 0.411111 0.135937 0.413889 0.135937 0.416667 0.134375 0.419444 0.134375 0.422222 0.13125 0.427778 0.13125 0.430556 0.128125 0.436111 0.128125 0.438889 0.123438 0.447222 0.123438 0.45 0.120312 0.455556 0.115625 0.455556 0.115625 0.622222 0.120312 0.622222 0.123438 0.627778 0.123438 0.633333 0.125 0.636111 0.125 0.638889 0.126563 0.641667 0.126563 0.644444 0.129688 0.65 0.13125 0.65 0.132812 0.652778 0.139062 0.652778 0.140625 0.65 0.14375 0.65 0.145313 0.647222 0.15 0.647222 0.151562 0.644444 0.154687 0.644444 0.15625 0.641667 0.157813 0.641667 0.159375 0.638889 0.160938 0.638889 0.164062 0.633333 0.167187 0.633333 0.16875 0.630556 0.190625 0.630556 0.192188 0.633333 0.198437 0.633333 0.2 0.636111 0.204688 0.636111 0.20625 0.638889 0.210938 0.638889 0.2125 0.641667 0.217187 0.641667 0.21875 0.644444 0.221875 0.644444 0.223438 0.647222 0.225 0.647222 0.226562 0.65 0.229687 0.65 0.23125 0.652778 0.234375 0.652778 0.235938 0.655556 0.235938 0.658333 0.2375 0.658333 0.239063 0.661111 0.254687 0.661111 0.25625 0.658333 0.259375 0.658333 0.264062 0.65 0.265625 0.65 0.267188 0.647222 0.273438 0.647222 0.275 0.644444 0.276563 0.644444 0.278125 0.647222 0.28125 0.647222 0.282813 0.65 0.285937 0.65 0.2875 0.652778 0.290625 0.652778 0.292188 0.655556 0.303125 0.655556 0.304688 0.652778 0.307813 0.652778 0.309375 0.65 0.309375 0.647222 0.310937 0.644444 0.310937 0.641667 0.3125 0.638889 0.3125 0.630556 0.314063 0.627778 0.314063 0.619444 0.315625 0.616667 0.315625 0.608333 0.317187 0.605556 0.317187 0.602778 0.320312 0.597222 0.328125 0.597222 0.329688 0.6 0.332812 0.6 0.334375 0.597222 0.340625 0.597222 0.342187 0.594444 0.342187 0.591667 0.346875 0.583333 0.351562 0.583333 0.351562 0.491667 0.346875 0.491667 0.34375 0.486111 0.34375 0.483333 0.342187 0.480556 0.342187 0.477778 0.340625 0.475 0.340625 0.472222 0.3375 0.466667 0.3375 0.463889 0.335938 0.461111 0.335938 0.458333 0.334375 0.455556 0.334375 0.45 0.332812 0.447222 0.332812 0.441667 0.33125 0.438889 0.33125 0.436111 0.329688 0.433333 0.329688 0.430556 0.326562 0.425 0.326562 0.422222 0.323438 0.416667 0.323438 0.413889 0.320312 0.408333 0.320312 0.405556 0.309375 0.386111 0.307813 0.386111 0.304688 0.380556 0.304688 0.372222
0 0.578125 0.427778 0.578125 0.438889 0.576563 0.441667 0.576563 0.444444 0.575 0.447222 0.575 0.45 0.570312 0.458333 0.567187 0.458333 0.565625 0.461111 0.5625 0.461111 0.560938 0.463889 0.553125 0.463889 0.553125 0.536111 0.559375 0.536111 0.560938 0.538889 0.578125 0.538889 0.579687 0.541667 0.58125 0.541667 0.582812 0.544444 0.590625 0.544444 0.592188 0.541667 0.598437 0.541667 0.6 0.538889 0.617188 0.538889 0.61875 0.541667 0.625 0.541667 0.626562 0.544444 0.639063 0.544444 0.640625 0.547222 0.645312 0.547222 0.646875 0.55 0.65 0.55 0.651563 0.552778 0.65625 0.552778 0.657812 0.55 0.664062 0.55 0.665625 0.547222 0.667188 0.547222 0.670313 0.541667 0.670313 0.538889 0.671875 0.536111 0.671875 0.533333 0.673437 0.530556 0.673437 0.525 0.675 0.522222 0.675 0.488889 0.673437 0.486111 0.673437 0.480556 0.671875 0.477778 0.671875 0.475 0.670313 0.472222 0.670313 0.469444 0.66875 0.466667 0.667188 0.466667 0.657812 0.45 0.65625 0.45 0.653125 0.444444 0.651563 0.444444 0.646875 0.436111 0.646875 0.427778
0 0.409375 0.45 0.409375 0.491667 0.439063 0.491667 0.439063 0.45
0 0.359375 0.438889 0.359375 0.491667 0.389062 0.491667 0.389062 0.438889
0 0.535937 0.427778 0.535937 0.438889 0.532812 0.444444 0.53125 0.444444 0.529688 0.447222 0.529688 0.45 0.528125 0.452778 0.521875 0.452778 0.521875 0.513889 0.546875 0.513889 0.546875 0.5 0.545313 0.497222 0.545313 0.486111 0.546875 0.483333 0.546875 0.475 0.548437 0.472222 0.548437 0.463889 0.55 0.461111 0.55 0.458333 0.553125 0.452778 0.55625 0.452778 0.557813 0.45 0.559375 0.45 0.5625 0.455556 0.570312 0.455556 0.573438 0.45 0.573438 0.447222 0.575 0.444444 0.575 0.441667 0.578125 0.436111 0.582812 0.436111 0.582812 0.427778
0 0.446875 0.45 0.446875 0.491667 0.45625 0.491667 0.45625 0.483333 0.457812 0.480556 0.457812 0.469444 0.459375 0.466667 0.459375 0.461111 0.460938 0.458333 0.460938 0.45
0 0.490625 0.45 0.490625 0.502778 0.503125 0.502778 0.503125 0.491667 0.50625 0.486111 0.50625 0.483333 0.507812 0.480556 0.507812 0.477778 0.509375 0.475 0.509375 0.472222 0.510938 0.469444 0.510938 0.466667 0.514063 0.461111 0.514063 0.45
0 0.471875 0.438889 0.471875 0.45 0.470313 0.452778 0.46875 0.452778 0.467187 0.455556 0.459375 0.455556 0.459375 0.486111 0.473437 0.486111 0.475 0.488889 0.479688 0.488889 0.482812 0.483333 0.482812 0.480556 0.484375 0.477778 0.484375 0.472222 0.485938 0.469444 0.485938 0.466667 0.4875 0.463889 0.489062 0.463889 0.492188 0.458333 0.49375 0.458333 0.495313 0.455556 0.496875 0.455556 0.498437 0.452778 0.5 0.452778 0.501562 0.45 0.514063 0.45 0.514063 0.438889
0 0.470313 0.438889 0.470313 0.45 0.46875 0.452778 0.467187 0.452778 0.465625 0.455556 0.459375 0.455556 0.457812 0.458333 0.453125 0.458333 0.453125 0.491667 0.473437 0.491667 0.473437 0.480556 0.475 0.477778 0.475 0.472222 0.482812 0.458333 0.484375 0.458333 0.485938 0.455556 0.490625 0.455556 0.49375 0.45 0.495313 0.45 0.496875 0.447222 0.501562 0.447222 0.501562 0.438889
0 0.028125 0.505556 0.028125 0.513889 0.0265625 0.516667 0.025 0.516667 0.0234375 0.519444 0.0203125 0.519444 0.01875 0.522222 0.015625 0.522222 0.0140625 0.525 0.0125 0.525 0.009375 0.530556 0.003125 0.530556 0.003125 0.547222 0.0109375 0.547222 0.0125 0.55 0.0125 0.558333 0.015625 0.558333 0.015625 0.55 0.0171875 0.547222 0.021875 0.547222 0.0234375 0.544444 0.05 0.544444 0.0515625 0.541667 0.059375 0.541667 0.0609375 0.538889 0.0640625 0.538889 0.065625 0.536111 0.065625 0.530556 0.0640625 0.527778 0.0640625 0.522222 0.0625 0.519444 0.0625 0.505556
0 0.526563 0.427778 0.526563 0.436111 0.521875 0.444444 0.520312 0.444444 0.520312 0.447222 0.514063 0.458333 0.509375 0.458333 0.509375 0.494444 0.51875 0.494444 0.520312 0.497222 0.525 0.497222 0.526563 0.5 0.528125 0.5 0.529688 0.497222 0.529688 0.494444 0.53125 0.491667 0.53125 0.483333 0.532812 0.480556 0.532812 0.475 0.539062 0.463889 0.545313 0.463889 0.545313 0.427778
0 0.517187 0.438889 0.517187 0.45 0.514063 0.455556 0.5125 0.455556 0.510938 0.458333 0.503125 0.458333 0.501562 0.461111 0.5 0.461111 0.496875 0.466667 0.490625 0.466667 0.490625 0.502778 0.517187 0.502778 0.517187 0.494444 0.521875 0.486111 0.521875 0.483333 0.523438 0.480556 0.523438 0.475 0.528125 0.466667 0.532812 0.466667 0.532812 0.438889
