0 0.921875 0.294444 0.921875 0.302778 0.920313 0.305556 0.91875 0.305556 0.917188 0.308333 0.9125 0.308333 0.910937 0.311111 0.907812 0.311111 0.90625 0.313889 0.901563 0.313889 0.9 0.316667 0.896875 0.316667 0.895312 0.319444 0.89375 0.319444 0.892187 0.322222 0.890625 0.322222 0.889063 0.325 0.8875 0.325 0.884375 0.330556 0.882812 0.330556 0.867188 0.358333 0.867188 0.361111 0.865625 0.363889 0.864062 0.363889 0.854688 0.380556 0.854688 0.383333 0.848437 0.394444 0.848437 0.397222 0.846875 0.4 0.846875 0.402778 0.845312 0.405556 0.845312 0.408333 0.842188 0.413889 0.842188 0.419444 0.840625 0.422222 0.840625 0.425 0.839063 0.427778 0.8375 0.427778 0.83125 0.438889 0.828125 0.438889 0.826563 0.441667 0.825 0.441667 0.823438 0.444444 0.820312 0.444444 0.81875 0.447222 0.815625 0.447222 0.814062 0.45 0.8125 0.45 0.809375 0.455556 0.809375 0.458333 0.80625 0.463889 0.80625 0.469444 0.804688 0.472222 0.804688 0.475 0.8 0.483333 0.8 0.488889 0.798437 0.491667 0.798437 0.5 0.796875 0.502778 0.796875 0.505556 0.795313 0.508333 0.790625 0.508333 0.790625 0.647222 0.796875 0.647222 0.803125 0.658333 0.80625 0.658333 0.807813 0.661111 0.815625 0.661111 0.823438 0.647222 0.825 0.647222 0.826563 0.644444 0.83125 0.644444 0.832812 0.641667 0.851562 0.641667 0.853125 0.644444 0.859375 0.644444 0.860937 0.647222 0.864062 0.647222 0.873438 0.663889 0.873438 0.666667 0.876562 0.672222 0.876562 0.675 0.878125 0.677778 0.878125 0.680556 0.879687 0.680556 0.884375 0.688889 0.8875 0.688889 0.890625 0.694444 0.890625 0.711111 0.889063 0.713889 0.889063 0.75 0.890625 0.752778 0.890625 0.761111 0.892187 0.763889 0.892187 0.766667 0.89375 0.769444 0.89375 0.772222 0.895312 0.775 0.9125 0.775 0.914062 0.772222 0.920313 0.772222 0.921875 0.769444 0.928125 0.769444 0.929688 0.766667 0.940625 0.766667 0.942187 0.763889 0.953125 0.763889 0.954687 0.761111 0.982813 0.761111 0.984375 0.758333 0.992188 0.758333 0.99375 0.755556 0.998438 0.755556 0.998438 0.294444
0 0.509375 0.35 0.509375 0.563889 0.517187 0.563889 0.51875 0.561111 0.520312 0.561111 0.523438 0.555556 0.525 0.555556 0.528125 0.55 0.529688 0.55 0.53125 0.547222 0.534375 0.547222 0.535937 0.544444 0.545313 0.544444 0.546875 0.541667 0.56875 0.541667 0.570312 0.544444 0.573438 0.544444 0.578125 0.552778 0.579687 0.552778 0.58125 0.55 0.584375 0.55 0.585938 0.547222 0.5875 0.547222 0.589063 0.544444 0.59375 0.544444 0.595312 0.547222 0.60625 0.547222 0.607813 0.55 0.609375 0.547222 0.610937 0.547222 0.6125 0.544444 0.614062 0.544444 0.615625 0.541667 0.615625 0.538889 0.621875 0.527778 0.626562 0.527778 0.626562 0.394444 0.621875 0.394444 0.620313 0.391667 0.620313 0.388889 0.61875 0.386111 0.61875 0.372222 0.617188 0.369444 0.617188 0.366667 0.614062 0.361111 0.614062 0.35
0 0.146875 0.394444 0.146875 0.402778 0.140625 0.413889 0.134375 0.413889 0.134375 0.458333 0.146875 0.458333 0.146875 0.45 0.148438 0.447222 0.15 0.447222 0.151562 0.444444 0.15625 0.444444 0.157813 0.441667 0.1625 0.441667 0.164062 0.444444 0.196875 0.444444 0.198437 0.441667 0.2 0.441667 0.201562 0.438889 0.203125 0.438889 0.204688 0.436111 0.209375 0.436111 0.210938 0.433333 0.210938 0.430556 0.2125 0.427778 0.209375 0.422222 0.209375 0.419444 0.20625 0.413889 0.20625 0.408333 0.204688 0.405556 0.204688 0.394444
0 0.378125 0.383333 0.378125 0.408333 0.385938 0.408333 0.3875 0.411111 0.390625 0.411111 0.392188 0.413889 0.392188 0.425 0.41875 0.425 0.41875 0.416667 0.421875 0.411111 0.426562 0.411111 0.426562 0.4 0.421875 0.4 0.41875 0.394444 0.41875 0.383333
0 0.278125 0.383333 0.278125 0.444444 0.296875 0.444444 0.298438 0.447222 0.3 0.447222 0.301562 0.45 0.301562 0.458333 0.309375 0.458333 0.309375 0.447222 0.310937 0.444444 0.3125 0.444444 0.315625 0.438889 0.320312 0.438889 0.320312 0.383333
0 0.685938 0.383333 0.685938 0.394444 0.682813 0.4 0.68125 0.4 0.678125 0.405556 0.671875 0.405556 0.671875 0.469444 0.685938 0.469444 0.685938 0.461111 0.689062 0.455556 0.690625 0.455556 0.69375 0.461111 0.69375 0.469444 0.696875 0.469444 0.696875 0.461111 0.703125 0.45 0.704687 0.45 0.70625 0.447222 0.70625 0.438889 0.707812 0.436111 0.709375 0.436111 0.710938 0.433333 0.714063 0.433333 0.715625 0.430556 0.71875 0.430556 0.721875 0.425 0.721875 0.422222 0.723437 0.419444 0.723437 0.397222 0.721875 0.394444 0.721875 0.383333
0 0.779688 0.361111 0.779688 0.369444 0.773438 0.380556 0.773438 0.383333 0.770312 0.388889 0.770312 0.391667 0.764063 0.402778 0.759375 0.402778 0.759375 0.452778 0.765625 0.452778 0.770312 0.461111 0.770312 0.469444 0.771875 0.472222 0.771875 0.475 0.770312 0.477778 0.770312 0.488889 0.76875 0.491667 0.76875 0.502778 0.770312 0.505556 0.773438 0.505556 0.776563 0.5 0.778125 0.5 0.779688 0.502778 0.779688 0.522222 0.778125 0.525 0.778125 0.533333 0.782812 0.533333 0.784375 0.530556 0.784375 0.525 0.790625 0.513889 0.790625 0.511111 0.795313 0.502778 0.795313 0.497222 0.796875 0.494444 0.796875 0.486111 0.798437 0.483333 0.798437 0.480556 0.801562 0.475 0.801562 0.472222 0.803125 0.469444 0.803125 0.461111 0.804688 0.458333 0.804688 0.455556 0.803125 0.452778 0.803125 0.444444 0.804688 0.441667 0.804688 0.427778 0.80625 0.425 0.80625 0.422222 0.809375 0.416667 0.809375 0.411111 0.810938 0.408333 0.810938 0.380556 0.807813 0.375 0.807813 0.361111
0 0.685938 0.383333 0.685938 0.391667 0.682813 0.397222 0.678125 0.397222 0.678125 0.425 0.726562 0.425 0.726562 0.383333
1 0.621875 0.372222 0.621875 0.433333 0.628125 0.433333 0.634375 0.422222 0.634375 0.419444 0.635938 0.416667 0.635938 0.413889 0.6375 0.411111 0.6375 0.408333 0.639063 0.405556 0.639063 0.397222 0.6375 0.394444 0.6375 0.388889 0.635938 0.386111 0.635938 0.372222
0 0.621875 0.372222 0.621875 0.433333 0.628125 0.433333 0.634375 0.422222 0.634375 0.419444 0.635938 0.416667 0.635938 0.413889 0.6375 0.411111 0.6375 0.408333 0.639063 0.405556 0.639063 0.4 0.6375 0.397222 0.6375 0.388889 0.635938 0.386111 0.635938 0.372222
