0 0.334375 0.494444 0.334375 0.502778 0.332812 0.505556 0.328125 0.505556 0.328125 0.580556 0.335938 0.580556 0.335938 0.572222 0.3375 0.569444 0.340625 0.569444 0.34375 0.563889 0.346875 0.563889 0.348437 0.561111 0.35 0.561111 0.351562 0.558333 0.360938 0.558333 0.3625 0.561111 0.367188 0.561111 0.36875 0.563889 0.371875 0.563889 0.373437 0.566667 0.378125 0.566667 0.379687 0.563889 0.38125 0.563889 0.384375 0.558333 0.389062 0.558333 0.389062 0.530556 0.384375 0.530556 0.382812 0.527778 0.382812 0.516667 0.38125 0.513889 0.38125 0.508333 0.379687 0.505556 0.379687 0.494444
0 0.421875 0.505556 0.421875 0.536111 0.428125 0.536111 0.429688 0.538889 0.429688 0.547222 0.44375 0.547222 0.44375 0.538889 0.446875 0.533333 0.451562 0.533333 0.451562 0.505556
0 0.384375 0.494444 0.384375 0.541667 0.396875 0.541667 0.398438 0.544444 0.4 0.544444 0.403125 0.55 0.403125 0.558333 0.414062 0.558333 0.414062 0.508333 0.409375 0.508333 0.40625 0.502778 0.40625 0.494444
0 0.464063 0.494444 0.464063 0.505556 0.460938 0.511111 0.460938 0.513889 0.457812 0.519444 0.453125 0.519444 0.453125 0.555556 0.459375 0.555556 0.460938 0.558333 0.460938 0.569444 0.475 0.569444 0.475 0.561111 0.478125 0.555556 0.4875 0.555556 0.489062 0.558333 0.490625 0.558333 0.492188 0.561111 0.492188 0.569444 0.510938 0.569444 0.510938 0.544444 0.5125 0.541667 0.5125 0.527778 0.510938 0.525 0.510938 0.513889 0.509375 0.511111 0.509375 0.505556 0.507812 0.502778 0.507812 0.494444
0 0.271875 0.505556 0.271875 0.547222 0.295312 0.547222 0.295312 0.505556
0 0.296875 0.505556 0.296875 0.547222 0.3125 0.547222 0.3125 0.538889 0.315625 0.533333 0.321875 0.533333 0.323438 0.530556 0.326562 0.530556 0.328125 0.527778 0.332812 0.527778 0.332812 0.505556
0 0.296875 0.505556 0.296875 0.547222 0.3125 0.547222 0.3125 0.536111 0.314063 0.533333 0.320312 0.533333 0.321875 0.530556 0.325 0.530556 0.326562 0.527778 0.332812 0.527778 0.332812 0.505556
0 0.207813 0.505556 0.207813 0.513889 0.201562 0.525 0.2 0.525 0.195312 0.533333 0.190625 0.533333 0.190625 0.555556 0.196875 0.555556 0.198437 0.558333 0.2 0.558333 0.201562 0.561111 0.201562 0.569444 0.203125 0.569444 0.203125 0.561111 0.204688 0.558333 0.20625 0.558333 0.207813 0.555556 0.2125 0.555556 0.214062 0.552778 0.220313 0.552778 0.221875 0.55 0.239063 0.55 0.239063 0.516667 0.234375 0.516667 0.232812 0.513889 0.232812 0.505556
0 0.409375 0.505556 0.409375 0.536111 0.420312 0.536111 0.420312 0.525 0.421875 0.522222 0.421875 0.519444 0.423438 0.516667 0.423438 0.505556
0 0.109375 0.516667 0.109375 0.558333 0.128125 0.558333 0.128125 0.541667 0.129688 0.538889 0.129688 0.533333 0.13125 0.530556 0.13125 0.516667
0 0.221875 0.505556 0.221875 0.552778 0.235938 0.552778 0.2375 0.55 0.264062 0.55 0.265625 0.547222 0.276563 0.547222 0.276563 0.505556
0 0.134375 0.516667 0.134375 0.569444 0.148438 0.569444 0.148438 0.558333 0.151562 0.552778 0.167187 0.552778 0.16875 0.55 0.171875 0.55 0.173438 0.547222 0.173438 0.541667 0.175 0.538889 0.175 0.516667
0 0.240625 0.505556 0.240625 0.558333 0.270312 0.558333 0.270312 0.55 0.271875 0.547222 0.271875 0.544444 0.275 0.538889 0.275 0.533333 0.273438 0.530556 0.273438 0.525 0.271875 0.522222 0.271875 0.505556
0 0.446875 0.494444 0.446875 0.558333 0.457812 0.558333 0.457812 0.536111 0.459375 0.533333 0.459375 0.522222 0.460938 0.519444 0.460938 0.516667 0.4625 0.513889 0.4625 0.511111 0.464063 0.508333 0.470313 0.508333 0.470313 0.494444
