0 0.882813 0.804688 0.882813 0.811719 0.879688 0.816406 0.876563 0.816406 0.875 0.81875 0.871875 0.81875 0.870313 0.821094 0.867188 0.821094 0.865625 0.823438 0.864063 0.823438 0.8625 0.825781 0.860938 0.825781 0.859375 0.828125 0.857813 0.828125 0.857813 0.830469 0.845313 0.849219 0.84375 0.849219 0.8375 0.858594 0.835938 0.858594 0.834375 0.860938 0.83125 0.860938 0.829688 0.863281 0.828125 0.863281 0.825 0.867969 0.823438 0.867969 0.821875 0.870313 0.821875 0.872656 0.8125 0.886719 0.810938 0.886719 0.809375 0.889063 0.807813 0.889063 0.80625 0.891406 0.804688 0.891406 0.803125 0.89375 0.795313 0.89375 0.79375 0.896094 0.789062 0.896094 0.7875 0.898438 0.784375 0.898438 0.78125 0.903125 0.779688 0.903125 0.778125 0.905469 0.775 0.905469 0.773438 0.907813 0.76875 0.907813 0.767188 0.910156 0.765625 0.910156 0.760938 0.917188 0.759375 0.917188 0.759375 0.919531 0.754688 0.926563 0.754688 0.928906 0.753125 0.93125 0.746875 0.93125 0.746875 0.999219 0.75625 0.999219 0.757812 0.996875 0.782813 0.996875 0.784375 0.999219 0.809375 0.999219 0.810938 0.996875 0.817188 0.996875 0.81875 0.994531 0.848438 0.994531 0.85 0.996875 0.8625 0.996875 0.864063 0.999219 0.86875 0.999219 0.870313 0.996875 0.871875 0.996875 0.873438 0.999219 0.878125 0.999219 0.879688 0.996875 0.9375 0.996875 0.939063 0.999219 0.942188 0.999219 0.94375 0.996875 0.948438 0.996875 0.95 0.999219 0.954688 0.999219 0.95625 0.996875 0.959375 0.996875 0.960938 0.999219 0.978125 0.999219 0.979688 1 0.979688 1 0.998438 1 0.998438 0.804688
0 0.75625 0.860938 0.75625 0.867969 0.754688 0.870313 0.753125 0.870313 0.751563 0.872656 0.75 0.872656 0.748438 0.875 0.746875 0.875 0.742188 0.882031 0.740625 0.882031 0.739063 0.884375 0.7375 0.884375 0.73125 0.89375 0.729688 0.89375 0.721875 0.905469 0.71875 0.905469 0.717188 0.907813 0.714063 0.907813 0.7125 0.910156 0.70625 0.910156 0.704688 0.9125 0.69375 0.9125 0.689063 0.905469 0.690625 0.903125 0.690625 0.898438 0.692188 0.896094 0.692188 0.89375 0.69375 0.891406 0.69375 0.889063 0.695312 0.886719 0.69375 0.886719 0.692188 0.884375 0.690625 0.884375 0.6875 0.889063 0.6875 0.903125 0.689063 0.905469 0.685938 0.910156 0.682813 0.910156 0.68125 0.907813 0.678125 0.907813 0.676563 0.905469 0.665625 0.905469 0.664062 0.907813 0.660938 0.907813 0.659375 0.910156 0.653125 0.910156 0.653125 0.973438 0.6625 0.973438 0.664062 0.975781 0.665625 0.975781 0.667188 0.973438 0.671875 0.973438 0.673438 0.975781 0.676563 0.975781 0.684375 0.9875 0.685938 0.9875 0.689063 0.992188 0.689063 0.999219 0.7125 0.999219 0.7125 0.992188 0.714063 0.989844 0.71875 0.989844 0.720313 0.9875 0.728125 0.9875 0.729688 0.985156 0.732813 0.985156 0.734375 0.982813 0.739063 0.982813 0.742188 0.978125 0.742188 0.973438 0.74375 0.971094 0.74375 0.96875 0.745313 0.966406 0.745313 0.961719 0.746875 0.959375 0.746875 0.954688 0.748438 0.952344 0.748438 0.947656 0.75 0.945313 0.75 0.942969 0.751563 0.940625 0.751563 0.938281 0.753125 0.935938 0.753125 0.93125 0.754688 0.928906 0.754688 0.926563 0.760938 0.917188 0.760938 0.914844 0.764063 0.910156 0.765625 0.910156 0.770313 0.903125 0.773438 0.903125 0.775 0.900781 0.778125 0.900781 0.779688 0.898438 0.78125 0.898438 0.782813 0.896094 0.784375 0.896094 0.7875 0.891406 0.789062 0.891406 0.790625 0.889063 0.796875 0.889063 0.798438 0.886719 0.803125 0.886719 0.804688 0.884375 0.80625 0.884375 0.807813 0.882031 0.809375 0.882031 0.8125 0.877344 0.814063 0.877344 0.81875 0.870313 0.826563 0.870313 0.826563 0.860938
1 0.434375 0.879688 0.434375 0.971094 0.448438 0.971094 0.448438 0.945313 0.45 0.942969 0.45 0.935938 0.451563 0.933594 0.451563 0.93125 0.453125 0.928906 0.457813 0.928906 0.457813 0.914844 0.453125 0.914844 0.45 0.910156 0.45 0.905469 0.448438 0.903125 0.448438 0.89375 0.453125 0.886719 0.457813 0.886719 0.457813 0.879688
1 0.559375 0.860938 0.559375 0.93125 0.567188 0.93125 0.56875 0.928906 0.570312 0.928906 0.571875 0.926563 0.573438 0.926563 0.575 0.924219 0.575 0.910156 0.576563 0.907813 0.576563 0.903125 0.578125 0.900781 0.582813 0.900781 0.582813 0.891406 0.578125 0.891406 0.576563 0.889063 0.576563 0.886719 0.578125 0.884375 0.582813 0.884375 0.582813 0.872656 0.578125 0.872656 0.576563 0.870313 0.576563 0.860938
1 0.396875 0.879688 0.396875 0.966406 0.401563 0.966406 0.404688 0.971094 0.404688 0.973438 0.40625 0.975781 0.40625 0.978125 0.407813 0.980469 0.407813 0.989844 0.409375 0.989844 0.409375 0.980469 0.410938 0.978125 0.4125 0.978125 0.414062 0.975781 0.414062 0.971094 0.415625 0.96875 0.415625 0.952344 0.417188 0.95 0.417188 0.93125 0.41875 0.928906 0.41875 0.921875 0.420313 0.919531 0.420313 0.914844 0.41875 0.9125 0.41875 0.905469 0.417188 0.903125 0.417188 0.898438 0.415625 0.896094 0.415625 0.891406 0.414062 0.889063 0.414062 0.879688
1 0.496875 0.870313 0.496875 0.971094 0.509375 0.971094 0.509375 0.964063 0.510938 0.961719 0.510938 0.938281 0.5125 0.935938 0.5125 0.896094 0.510938 0.89375 0.510938 0.884375 0.509375 0.882031 0.509375 0.870313
1 0.478125 0.879688 0.478125 0.957031 0.485938 0.957031 0.4875 0.959375 0.489063 0.959375 0.490625 0.957031 0.490625 0.935938 0.492188 0.933594 0.492188 0.919531 0.49375 0.917188 0.49375 0.907813 0.492188 0.905469 0.492188 0.900781 0.490625 0.898438 0.490625 0.879688
1 0.584375 0.860938 0.584375 0.952344 0.603125 0.952344 0.603125 0.921875 0.604688 0.919531 0.604688 0.903125 0.60625 0.900781 0.60625 0.877344 0.607813 0.875 0.607813 0.860938
1 0.121875 0.917188 0.121875 0.996875 0.140625 0.996875 0.142188 0.994531 0.142188 0.992188 0.14375 0.989844 0.14375 0.980469 0.145313 0.978125 0.145313 0.975781 0.146875 0.973438 0.151563 0.973438 0.151563 0.917188
1 0.621875 0.851563 0.621875 0.933594 0.63125 0.933594 0.63125 0.919531 0.629688 0.917188 0.629688 0.914844 0.63125 0.9125 0.63125 0.905469 0.634375 0.900781 0.639063 0.900781 0.639063 0.851563
1 0.565625 0.860938 0.565625 0.928906 0.571875 0.928906 0.573438 0.926563 0.576563 0.926563 0.578125 0.924219 0.58125 0.924219 0.58125 0.921875 0.584375 0.917188 0.589063 0.917188 0.589063 0.860938
1 0.609375 0.860938 0.609375 0.919531 0.61875 0.919531 0.621875 0.914844 0.626563 0.914844 0.626563 0.882031 0.621875 0.882031 0.620313 0.879688 0.620313 0.872656 0.621875 0.870313 0.626563 0.870313 0.626563 0.860938
