0 0.0817 0.4207 0.0889 0.4207 0.1154 0.4327 0.1178 0.4303 0.1203 0.4366
0 0.4447 0.6803 0.4471 0.6562 0.4519 0.6538 0.4543 0.5841 0.4639 0.5337 0.4688 0.5288 0.4709 0.5055 0.4712 0.5048 0.4715 0.5021 0.4760 0.4976 0.4832 0.4639 0.4928 0.4543 0.4952 0.4399 0.5000 0.4351 0.5000 0.4111 0.5288 0.4014 0.5649 0.4014 0.5865 0.4062 0.5962 0.4014 0.6298 0.4014 0.6370 0.4111 0.6490 0.4087 0.6490 0.4255 0.6466 0.4327 0.6394 0.4375 0.6394 0.4471 0.6442 0.4495 0.6418 0.4567 0.6466 0.4639 0.6442 0.4736 0.6490 0.4880 0.6490 0.6611 0.6418 0.7212 0.6418 0.7620 0.6370 0.7740 0.6274 0.7740 0.6178 0.7644 0.6034 0.7596 0.5649 0.7572 0.5577 0.7524 0.5288 0.7524 0.4832 0.7452 0.4543 0.7500 0.4471 0.7380
0 0.2740 0.6178 0.2788 0.5625 0.3029 0.4736 0.3053 0.4375 0.3101 0.4327 0.3099 0.4304 0.3221 0.4183 0.3269 0.4087 0.3269 0.3966 0.3293 0.3990 0.3486 0.3942 0.4567 0.3942 0.4856 0.3990 0.4952 0.4111 0.4880 0.4351 0.4832 0.4375 0.4856 0.4495 0.4784 0.4615 0.4716 0.5019 0.4715 0.5021 0.4712 0.5048 0.4709 0.5055 0.4709 0.5057 0.4543 0.5553 0.4567 0.5601 0.4495 0.5913 0.4471 0.6490 0.4423 0.6562 0.4375 0.6851 0.4255 0.6947 0.4062 0.6899 0.4062 0.6731 0.4111 0.6611 0.4087 0.6562 0.4135 0.6514 0.4135 0.6394 0.4207 0.6370 0.4111 0.6298 0.4038 0.6322 0.3942 0.6514 0.3750 0.6538 0.3582 0.6611 0.3462 0.6779 0.3413 0.6731 0.3317 0.6755 0.3221 0.6707 0.3029 0.6707 0.2909 0.6755 0.2837 0.6707
0 0.1538 0.3918 0.1514 0.3942 0.1562 0.4038 0.1659 0.3990 0.1755 0.4038 0.1803 0.3966 0.1851 0.3966 0.1923 0.4038 0.1971 0.3990 0.1971 0.4207 0.2019 0.4159 0.1995 0.4111 0.2043 0.4038 0.2139 0.4087 0.2139 0.4255 0.2067 0.4303 0.2067 0.4399 0.2019 0.4447 0.2019 0.4543 0.1899 0.4784 0.1875 0.4928 0.1923 0.5433 0.2043 0.5529 0.2067 0.5745 0.2115 0.5817 0.2091 0.6106 0.2163 0.6178 0.2644 0.6154 0.2668 0.6202 0.2716 0.6106 0.2740 0.5841 0.2716 0.5529 0.2764 0.5481 0.2668 0.5457 0.2644 0.5409 0.2740 0.5288 0.2788 0.5288 0.2837 0.5192 0.2837 0.4976 0.2933 0.4880 0.2981 0.4760 0.3029 0.4567 0.3029 0.4303 0.3077 0.4255 0.3053 0.4135 0.3101 0.4111 0.3053 0.3990 0.3101 0.3966 0.2837 0.3918 0.2356 0.3918 0.2115 0.3966 0.1611 0.3918
0 0.0938 0.5745 0.0958 0.5163 0.0962 0.5152 0.0962 0.5096 0.0986 0.5072 0.1032 0.4917 0.1082 0.4808 0.1102 0.4645 0.1154 0.4567 0.1210 0.4455 0.1221 0.4399 0.1215 0.4371 0.1179 0.4356 0.1203 0.4366 0.1178 0.4303 0.1154 0.4327 0.1104 0.4304 0.1130 0.4279 0.1274 0.4279 0.1322 0.4231 0.1322 0.4062 0.1274 0.4038 0.1274 0.3966 0.1202 0.3918 0.1418 0.3918 0.1490 0.3870 0.1683 0.3870 0.1722 0.3929 0.1611 0.3918 0.1538 0.3918 0.1514 0.3942 0.1562 0.4038 0.1659 0.3990 0.1755 0.4038 0.1803 0.3966 0.1851 0.3966 0.1923 0.4038 0.1947 0.4014 0.1971 0.4038 0.1947 0.4183 0.1851 0.4231 0.1875 0.4351 0.1779 0.4375 0.1851 0.4904 0.1827 0.5000 0.1731 0.5000 0.1635 0.5096 0.1562 0.5264 0.1562 0.5361 0.1466 0.5625 0.1466 0.5865 0.1442 0.5913 0.1130 0.5938 0.1034 0.5913
0 0.0457 0.4808 0.0601 0.4591 0.0889 0.3966 0.1010 0.3894 0.1454 0.3894 0.1418 0.3918 0.1202 0.3918 0.1274 0.3966 0.1274 0.4038 0.1322 0.4062 0.1322 0.4231 0.1274 0.4279 0.1130 0.4279 0.1104 0.4304 0.1154 0.4327 0.1154 0.4327 0.0889 0.4207 0.0817 0.4207 0.1203 0.4366 0.1178 0.4303 0.1154 0.4327 0.1154 0.4327 0.1178 0.4303 0.1203 0.4366 0.1179 0.4356 0.1215 0.4371 0.1221 0.4399 0.1210 0.4455 0.1154 0.4567 0.1102 0.4645 0.1082 0.4808 0.1032 0.4917 0.0986 0.5072 0.0962 0.5096 0.0962 0.5152 0.0958 0.5163 0.0938 0.5745 0.0938 0.5649 0.0889 0.5601 0.0625 0.5601 0.0529 0.5577 0.0481 0.5505
1 0.0240 0.4351 0.0120 0.4615 0.0072 0.4856 0.0120 0.5144 0.0120 0.5649 0.0288 0.5697 0.0361 0.5697 0.0409 0.5433 0.0433 0.4663 0.0312 0.4375 0.0264 0.4351
1 0.1707 0.5048 0.1538 0.5457 0.1514 0.5601 0.1538 0.6562 0.1635 0.7236 0.1851 0.7428 0.1923 0.7404 0.1971 0.7212 0.2067 0.7091 0.2067 0.6659 0.1971 0.6226 0.1971 0.6106 0.2043 0.5986 0.2043 0.5817 0.1995 0.5673 0.1947 0.5649 0.1971 0.5601 0.1899 0.5529 0.1851 0.5120 0.1803 0.5048
1 0.8558 0.5529 0.8486 0.5673 0.8462 0.5938 0.8389 0.6106 0.8365 0.7212 0.8438 0.7380 0.8438 0.8101 0.8606 0.8101 0.8726 0.8221 0.8750 0.7476 0.8798 0.7380 0.8774 0.7260 0.8894 0.6779 0.8894 0.6346 0.8798 0.5986 0.8726 0.5889 0.8702 0.5601 0.8630 0.5529
1 0.9351 0.5529 0.9279 0.5601 0.9279 0.5962 0.9183 0.6106 0.9183 0.6635 0.9135 0.6875 0.9135 0.7861 0.9111 0.8149 0.9038 0.8245 0.9038 0.8317 0.9111 0.8365 0.9255 0.8293 0.9303 0.8005 0.9303 0.7620 0.9327 0.7476 0.9375 0.7428 0.9423 0.7476 0.9423 0.8173 0.9327 0.8462 0.9351 0.8510 0.9471 0.8510 0.9567 0.8413 0.9567 0.8197 0.9615 0.8005 0.9615 0.7115 0.9688 0.6995 0.9639 0.6923 0.9808 0.6683 0.9760 0.6226 0.9543 0.5938 0.9567 0.5697 0.9495 0.5553 0.9447 0.5529
1 0.7909 0.6202 0.7957 0.6010 0.8101 0.5841 0.8125 0.5601 0.8173 0.5529 0.8269 0.5529 0.8317 0.5601 0.8293 0.5962 0.8365 0.6082 0.8384 0.6360 0.8381 0.6508 0.8341 0.6803 0.8365 0.7188 0.8245 0.7284 0.8221 0.7428 0.8197 0.8005 0.8269 0.8101 0.8173 0.8197 0.8101 0.8197 0.8005 0.8101 0.7981 0.7236 0.7933 0.7188 0.7957 0.6683 0.7909 0.6514
1 0.7356 0.4615 0.7308 0.5000 0.7308 0.5649 0.7380 0.5745 0.7308 0.5793 0.7308 0.5841 0.7380 0.5841 0.7476 0.5938 0.7524 0.4904 0.7500 0.4736 0.7428 0.4615
1 0.7188 0.4519 0.7067 0.4663 0.6971 0.4952 0.6971 0.5072 0.7067 0.5312 0.7067 0.5769 0.7163 0.5913 0.7212 0.5913 0.7236 0.5841 0.7260 0.5048 0.7308 0.4808 0.7308 0.4663 0.7236 0.4519
1 0.7740 0.4543 0.7644 0.4928 0.7596 0.5721 0.7620 0.5865 0.7764 0.5962 0.7812 0.5962 0.7861 0.5240 0.7861 0.4784 0.7812 0.4543