0 0.9750 0.4919 0.9708 0.4931 0.9633 0.5058 0.9575 0.5093 0.9575 0.5116 0.9550 0.5139 0.9542 0.5278 0.9550 0.5289 0.9600 0.5266 0.9708 0.5312 0.9750 0.5405 0.9742 0.5521 0.9900 0.5509 0.9917 0.5544 0.9967 0.5567 0.9992 0.5567 0.9992 0.5312 0.9967 0.5301 0.9967 0.5243 0.9992 0.5220 0.9992 0.4931 0.9792 0.4919
4 0.1225 0.7153 0.1192 0.7188 0.1050 0.7199 0.0958 0.7269 0.0842 0.7431 0.0825 0.7546 0.0767 0.7755 0.0742 0.7778 0.0683 0.7766 0.0683 0.7789 0.0717 0.7789 0.0758 0.7824 0.0717 0.7928 0.0700 0.8137 0.0708 0.8171 0.0692 0.8356 0.0692 0.8576 0.0708 0.8611 0.0717 0.8715 0.0758 0.8750 0.0800 0.8750 0.0833 0.8715 0.0850 0.8611 0.0875 0.8576 0.0908 0.8576 0.0950 0.8530 0.0992 0.8542 0.1025 0.8507 0.1175 0.8565 0.1192 0.8565 0.1200 0.8542 0.1267 0.8565 0.1492 0.8542 0.1525 0.8588 0.1542 0.8692 0.1567 0.8715 0.1625 0.8715 0.1642 0.8692 0.1658 0.8611 0.1667 0.8507 0.1692 0.8484 0.1733 0.8484 0.1750 0.8461 0.1775 0.8322 0.1758 0.8252 0.1767 0.8137 0.1750 0.8102 0.1783 0.7986 0.1783 0.7639 0.1717 0.7523 0.1700 0.7419 0.1683 0.7396 0.1675 0.7292 0.1625 0.7199 0.1550 0.7164 0.1233 0.7164
4 0.1025 0.4907 0.0975 0.4931 0.0750 0.4931 0.0667 0.4965 0.0625 0.5012 0.0583 0.5150 0.0558 0.5185 0.0550 0.5243 0.0542 0.5521 0.0550 0.5579 0.0583 0.5637 0.0667 0.5602 0.0758 0.5590 0.0842 0.5590 0.0875 0.5613 0.0925 0.5602 0.0950 0.5637 0.1033 0.5637 0.1083 0.5567 0.1142 0.5556 0.1167 0.5521 0.1175 0.5405 0.1192 0.5370 0.1183 0.5255 0.1142 0.5023 0.1108 0.4942 0.1075 0.4907
4 0.1967 0.5012 0.1908 0.5046 0.1700 0.5058 0.1617 0.5150 0.1600 0.5208 0.1542 0.5278 0.1567 0.5359 0.1558 0.5579 0.1575 0.5660 0.1675 0.5648 0.1742 0.5602 0.1858 0.5602 0.1917 0.5637 0.2017 0.5637 0.2083 0.5602 0.2108 0.5532 0.2117 0.5451 0.2108 0.5266 0.2050 0.5081 0.1975 0.5012
4 0.2392 0.5567 0.2308 0.5602 0.2233 0.5602 0.2167 0.5637 0.2100 0.5718 0.2067 0.5845 0.2025 0.5880 0.2033 0.5995 0.2008 0.6019 0.1983 0.6111 0.1958 0.6331 0.1983 0.6539 0.2008 0.6609 0.2058 0.6609 0.2117 0.6574 0.2117 0.6528 0.2200 0.6435 0.2475 0.6470 0.2517 0.6493 0.2550 0.6539 0.2542 0.6574 0.2567 0.6586 0.2633 0.6586 0.2667 0.6539 0.2658 0.6505 0.2717 0.6458 0.2733 0.6389 0.2717 0.6238 0.2717 0.5880 0.2592 0.5590 0.2558 0.5567 0.2408 0.5567
4 0.3150 0.7025 0.2983 0.7060 0.2917 0.7164 0.2850 0.7361 0.2800 0.7396 0.2792 0.7419 0.2817 0.7477 0.2808 0.7558 0.2792 0.7581 0.2750 0.7755 0.2742 0.7870 0.2750 0.8090 0.2783 0.8148 0.2875 0.8137 0.2933 0.8067 0.3033 0.8056 0.3108 0.8056 0.3133 0.8079 0.3383 0.8056 0.3458 0.8079 0.3533 0.8044 0.3575 0.8113 0.3617 0.8137 0.3658 0.8137 0.3683 0.8102 0.3675 0.8056 0.3708 0.7824 0.3692 0.7477 0.3725 0.7396 0.3725 0.7361 0.3525 0.7037 0.3458 0.7025
4 0.3750 0.5394 0.3650 0.5405 0.3617 0.5428 0.3567 0.5509 0.3542 0.5590 0.3542 0.5637 0.3517 0.5671 0.3500 0.5741 0.3500 0.6030 0.3525 0.6076 0.3575 0.6076 0.3600 0.6053 0.3658 0.6042 0.3817 0.6042 0.3842 0.6065 0.3908 0.6065 0.3942 0.6088 0.4075 0.6088 0.4092 0.6065 0.4108 0.5984 0.4092 0.5602 0.4033 0.5509 0.4017 0.5440 0.3992 0.5405 0.3958 0.5394
4 0.3150 0.5127 0.3075 0.5150 0.3042 0.5197 0.3008 0.5289 0.2950 0.5347 0.2950 0.5532 0.2975 0.5741 0.3000 0.5764 0.3075 0.5741 0.3192 0.5764 0.3333 0.5752 0.3367 0.5775 0.3417 0.5752 0.3492 0.5752 0.3517 0.5648 0.3525 0.5532 0.3517 0.5324 0.3475 0.5278 0.3450 0.5185 0.3408 0.5127
4 0.1575 0.4491 0.1458 0.4514 0.1400 0.4572 0.1342 0.4676 0.1308 0.4815 0.1317 0.4919 0.1342 0.4965 0.1617 0.4954 0.1650 0.4977 0.1700 0.4977 0.1775 0.4931 0.1775 0.4630 0.1700 0.4514 0.1583 0.4491
4 0.0833 0.4456 0.0758 0.4479 0.0658 0.4630 0.0633 0.4780 0.0633 0.4873 0.0667 0.4919 0.0750 0.4896 0.1042 0.4896 0.1092 0.4861 0.1075 0.4595 0.1033 0.4502 0.1000 0.4468 0.0958 0.4456
4 0.1925 0.4225 0.1825 0.4271 0.1758 0.4363 0.1725 0.4479 0.1733 0.4560 0.1775 0.4653 0.1850 0.4676 0.1892 0.4618 0.1933 0.4630 0.1958 0.4664 0.2033 0.4676 0.2133 0.4664 0.2158 0.4618 0.2167 0.4468 0.2142 0.4433 0.2150 0.4387 0.2133 0.4363 0.2125 0.4306 0.2067 0.4248 0.1933 0.4225
4 0.3300 0.4537 0.3125 0.4560 0.3100 0.4583 0.3100 0.4630 0.3067 0.4699 0.3425 0.4699 0.3458 0.4653 0.3433 0.4618 0.3417 0.4618 0.3392 0.4560 0.3333 0.4537
4 0.3192 0.4502 0.3125 0.4525 0.3083 0.4583 0.3083 0.4630 0.3050 0.4688 0.3033 0.4769 0.3033 0.4884 0.3058 0.4977 0.3117 0.4977 0.3142 0.4942 0.3342 0.4942 0.3367 0.4965 0.3450 0.4965 0.3475 0.4861 0.3475 0.4676 0.3458 0.4630 0.3400 0.4525 0.3258 0.4502
4 0.4208 0.4606 0.4117 0.4630 0.4092 0.4664 0.4083 0.4711 0.4033 0.4757 0.4017 0.4896 0.4017 0.4988 0.4033 0.5069 0.4050 0.5081 0.4083 0.5058 0.4358 0.5046 0.4417 0.5093 0.4442 0.5093 0.4467 0.5058 0.4475 0.4780 0.4392 0.4618 0.4367 0.4606
4 0.4117 0.4306 0.4075 0.4340 0.4067 0.4398 0.4025 0.4456 0.4017 0.4688 0.4033 0.4734 0.4092 0.4641 0.4133 0.4606 0.4275 0.4572 0.4392 0.4583 0.4392 0.4514 0.4375 0.4468 0.4392 0.4433 0.4342 0.4375 0.4342 0.4352 0.4317 0.4317 0.4292 0.4306
4 0.3492 0.4155 0.3442 0.4178 0.3375 0.4271 0.3367 0.4306 0.3383 0.4479 0.3450 0.4549 0.3583 0.4525 0.3725 0.4549 0.3767 0.4514 0.3775 0.4271 0.3767 0.4248 0.3725 0.4248 0.3692 0.4167 0.3650 0.4155
4 0.2883 0.4016 0.2833 0.4039 0.2767 0.4155 0.2742 0.4317 0.2775 0.4410 0.2942 0.4387 0.3075 0.4398 0.3092 0.4375 0.3108 0.4306 0.3108 0.4178 0.3075 0.4120 0.3067 0.4062 0.3025 0.4016
4 0.2242 0.3877 0.2200 0.3912 0.2142 0.4074 0.2133 0.4201 0.2150 0.4236 0.2167 0.4352 0.2383 0.4329 0.2450 0.4352 0.2517 0.4340 0.2542 0.4074 0.2525 0.4051 0.2517 0.3993 0.2467 0.3958 0.2458 0.3900 0.2442 0.3877
4 0.1842 0.3854 0.1758 0.3877 0.1742 0.3935 0.1692 0.3993 0.1683 0.4086 0.1700 0.4201 0.1942 0.4201 0.1983 0.4190 0.2017 0.4155 0.2000 0.4062 0.2000 0.3958 0.1975 0.3889 0.1950 0.3866 0.1875 0.3854
4 0.1383 0.4155 0.1292 0.4190 0.1217 0.4306 0.1217 0.4363 0.1200 0.4410 0.1208 0.4583 0.1350 0.4583 0.1408 0.4525 0.1550 0.4491 0.1583 0.4456 0.1608 0.4387 0.1592 0.4363 0.1600 0.4271 0.1583 0.4213 0.1525 0.4167 0.1467 0.4155
4 0.4258 0.3935 0.4217 0.3947 0.4150 0.4074 0.4142 0.4271 0.4275 0.4282 0.4308 0.4306 0.4442 0.4306 0.4467 0.4282 0.4467 0.4062 0.4425 0.3981 0.4375 0.3935
4 0.3833 0.3773 0.3767 0.3785 0.3717 0.3854 0.3700 0.3912 0.3700 0.4074 0.3717 0.4120 0.3992 0.4097 0.4008 0.3889 0.3958 0.3796 0.3908 0.3773
4 0.3208 0.3750 0.3167 0.3785 0.3117 0.3889 0.3117 0.4028 0.3142 0.4051 0.3300 0.4051 0.3383 0.4039 0.3400 0.4016 0.3400 0.3831 0.3383 0.3785 0.3350 0.3750
4 0.3050 0.3461 0.3017 0.3472 0.2967 0.3530 0.2950 0.3588 0.2958 0.3681 0.3142 0.3704 0.3183 0.3681 0.3200 0.3600 0.3192 0.3530 0.3142 0.3461
4 0.2708 0.3356 0.2667 0.3380 0.2625 0.3449 0.2625 0.3565 0.2642 0.3588 0.2825 0.3588 0.2842 0.3565 0.2842 0.3438 0.2808 0.3380 0.2767 0.3356
4 0.5917 0.7685 0.5825 0.7755 0.5717 0.7998 0.5683 0.8021 0.5650 0.7998 0.5567 0.8009 0.5550 0.8067 0.5567 0.8137 0.5658 0.8125 0.5683 0.8160 0.5658 0.8241 0.5617 0.8299 0.5625 0.8542 0.5617 0.8669 0.5600 0.8727 0.5600 0.8958 0.5625 0.9109 0.5625 0.9213 0.5642 0.9271 0.5633 0.9352 0.5683 0.9421 0.5725 0.9433 0.5750 0.9421 0.5833 0.9306 0.5833 0.9271 0.5875 0.9225 0.6083 0.9213 0.6117 0.9236 0.6267 0.9225 0.6300 0.9248 0.6425 0.9225 0.6517 0.9236 0.6575 0.9271 0.6625 0.9259 0.6658 0.9282 0.6708 0.9352 0.6717 0.9433 0.6767 0.9479 0.6817 0.9479 0.6850 0.9421 0.6892 0.9190 0.6892 0.8958 0.6908 0.8762 0.6892 0.8738 0.6875 0.8623 0.6858 0.8588 0.6842 0.8426 0.6742 0.7975 0.6700 0.7917 0.6650 0.7789 0.6558 0.7720 0.6425 0.7697 0.5933 0.7685
4 0.8358 0.7315 0.8358 0.7338 0.8417 0.7350 0.8433 0.7373 0.8442 0.7396 0.8425 0.7419 0.8108 0.7431 0.8008 0.7361 0.7950 0.7454 0.7825 0.7477 0.7850 0.7477 0.7867 0.7512 0.7808 0.7627 0.7800 0.7778 0.7767 0.7836 0.7750 0.7836 0.7692 0.7905 0.7658 0.7975 0.7650 0.8032 0.7642 0.8681 0.7658 0.8785 0.7683 0.8831 0.7708 0.8831 0.7742 0.8889 0.7833 0.8924 0.7850 0.8993 0.7858 0.9340 0.7908 0.9410 0.7950 0.9410 0.7992 0.9375 0.8025 0.9306 0.8017 0.9271 0.8033 0.9236 0.8117 0.9144 0.8250 0.9132 0.8408 0.9225 0.8450 0.9201 0.8500 0.9225 0.8558 0.9225 0.8633 0.9190 0.8725 0.9201 0.8758 0.9167 0.8808 0.9178 0.8850 0.9201 0.8900 0.9282 0.8917 0.9398 0.8983 0.9444 0.9050 0.9444 0.9075 0.9433 0.9092 0.9398 0.9117 0.9248 0.9117 0.9086 0.9142 0.9005 0.9142 0.8924 0.9158 0.8877 0.9158 0.8646 0.9200 0.8565 0.9192 0.8530 0.9142 0.8461 0.9133 0.8391 0.9108 0.8333 0.9108 0.8218 0.9075 0.8137 0.9075 0.8067 0.9033 0.7986 0.9050 0.7951 0.9042 0.7882 0.9000 0.7870 0.8967 0.7836 0.8967 0.7755 0.8858 0.7593 0.8775 0.7512 0.8808 0.7465 0.8767 0.7465 0.8742 0.7431 0.8742 0.7361 0.8692 0.7315
4 0.9183 0.6539 0.9042 0.6586 0.8992 0.6690 0.8925 0.6771 0.8867 0.6944 0.8867 0.6979 0.8833 0.7049 0.8817 0.7280 0.8825 0.7396 0.8975 0.7558 0.8992 0.7581 0.9000 0.7639 0.9075 0.7697 0.9217 0.7662 0.9483 0.7685 0.9667 0.7662 0.9783 0.7708 0.9808 0.7743 0.9808 0.7766 0.9842 0.7801 0.9908 0.7789 0.9925 0.7720 0.9942 0.7627 0.9942 0.7315 0.9925 0.7083 0.9875 0.6887 0.9833 0.6840 0.9817 0.6736 0.9675 0.6574 0.9292 0.6539
4 0.7650 0.7037 0.7592 0.7049 0.7542 0.7083 0.7442 0.7245 0.7358 0.7245 0.7358 0.7315 0.7400 0.7338 0.7400 0.7384 0.7375 0.7442 0.7358 0.7546 0.7358 0.7789 0.7375 0.7812 0.7392 0.7928 0.7450 0.7975 0.7442 0.8021 0.7500 0.8148 0.7567 0.8148 0.7592 0.8102 0.7633 0.8090 0.7667 0.7928 0.7717 0.7847 0.7783 0.7789 0.7792 0.7674 0.7817 0.7569 0.7850 0.7535 0.7875 0.7477 0.7933 0.7442 0.7967 0.7442 0.8017 0.7338 0.8042 0.7361 0.8050 0.7396 0.8117 0.7431 0.8275 0.7431 0.8333 0.7407 0.8367 0.7280 0.8342 0.7211 0.8217 0.7049 0.8042 0.7037
4 0.8558 0.6007 0.8417 0.6030 0.8342 0.6088 0.8292 0.6169 0.8258 0.6181 0.8225 0.6227 0.8225 0.6632 0.8258 0.6713 0.8292 0.6713 0.8317 0.6748 0.8333 0.6806 0.8408 0.6806 0.8450 0.6759 0.8592 0.6736 0.8708 0.6748 0.8767 0.6806 0.8833 0.6736 0.8883 0.6748 0.8967 0.6690 0.9017 0.6586 0.9033 0.6366 0.9008 0.6331 0.8958 0.6192 0.8875 0.6065 0.8850 0.6042 0.8758 0.6030 0.8733 0.6007 0.8592 0.6007
4 0.9258 0.5278 0.9192 0.5324 0.9142 0.5451 0.9033 0.5602 0.9017 0.5810 0.9017 0.5926 0.9033 0.5984 0.9117 0.6007 0.9150 0.6076 0.9192 0.6100 0.9217 0.6076 0.9342 0.6053 0.9450 0.6088 0.9508 0.6030 0.9567 0.6030 0.9592 0.6042 0.9642 0.6123 0.9708 0.6111 0.9733 0.5984 0.9758 0.5949 0.9758 0.5718 0.9725 0.5579 0.9675 0.5509 0.9658 0.5451 0.9667 0.5405 0.9650 0.5382 0.9508 0.5336 0.9317 0.5324 0.9267 0.5278
4 0.7975 0.5370 0.7883 0.5382 0.7808 0.5417 0.7717 0.5556 0.7717 0.5590 0.7675 0.5706 0.7675 0.5914 0.7692 0.5961 0.7742 0.6019 0.7783 0.6030 0.7825 0.5995 0.7942 0.5984 0.8150 0.5995 0.8267 0.6065 0.8300 0.6065 0.8317 0.6030 0.8333 0.5880 0.8333 0.5683 0.8283 0.5544 0.8208 0.5405 0.8100 0.5370
4 0.6850 0.5706 0.6733 0.5868 0.6700 0.5845 0.6692 0.5856 0.6692 0.5891 0.6733 0.5949 0.6750 0.6030 0.6733 0.6076 0.6700 0.6019 0.6700 0.6134 0.6717 0.6169 0.6708 0.6227 0.6742 0.6354 0.6775 0.6400 0.6817 0.6308 0.6817 0.6285 0.6800 0.6273 0.6800 0.6227 0.6825 0.6204 0.6858 0.6204 0.6875 0.6227 0.6867 0.6308 0.6883 0.6331 0.7142 0.6331 0.7167 0.6354 0.7242 0.6354 0.7317 0.6424 0.7350 0.6435 0.7367 0.6424 0.7358 0.5949 0.7308 0.5880 0.7275 0.5752 0.7208 0.5706
4 0.5600 0.6007 0.5483 0.6192 0.5442 0.6181 0.5433 0.6215 0.5475 0.6285 0.5458 0.6343 0.5467 0.6458 0.5442 0.6539 0.5442 0.6690 0.5475 0.6725 0.5483 0.6782 0.5517 0.6806 0.5533 0.6759 0.5575 0.6748 0.5917 0.6748 0.5942 0.6771 0.5983 0.6771 0.6100 0.6863 0.6167 0.6852 0.6192 0.6725 0.6192 0.6412 0.6158 0.6250 0.6117 0.6192 0.6050 0.6042 0.5992 0.6019 0.5858 0.6007
4 0.6650 0.4884 0.6492 0.4896 0.6458 0.4931 0.6442 0.4988 0.6392 0.5058 0.6392 0.5394 0.6408 0.5440 0.6433 0.5463 0.6458 0.5463 0.6500 0.5382 0.6575 0.5382 0.6617 0.5405 0.6667 0.5394 0.6708 0.5451 0.6758 0.5475 0.6817 0.5463 0.6850 0.5486 0.6900 0.5486 0.6925 0.5451 0.6933 0.5405 0.6933 0.5162 0.6917 0.5081 0.6850 0.4931 0.6692 0.4884
4 0.5433 0.5174 0.5342 0.5197 0.5317 0.5243 0.5292 0.5255 0.5275 0.5359 0.5225 0.5440 0.5208 0.5556 0.5208 0.5718 0.5258 0.5752 0.5367 0.5741 0.5400 0.5718 0.5450 0.5718 0.5475 0.5694 0.5525 0.5718 0.5558 0.5694 0.5600 0.5718 0.5642 0.5694 0.5658 0.5718 0.5650 0.5752 0.5717 0.5822 0.5767 0.5822 0.5800 0.5775 0.5792 0.5440 0.5742 0.5382 0.5725 0.5289 0.5683 0.5208 0.5458 0.5174
4 0.7633 0.4965 0.7567 0.5012 0.7542 0.5093 0.7500 0.5116 0.7475 0.5150 0.7467 0.5197 0.7467 0.5417 0.7483 0.5451 0.7508 0.5451 0.7550 0.5486 0.7633 0.5440 0.7650 0.5475 0.7700 0.5475 0.7708 0.5440 0.7750 0.5451 0.7858 0.5359 0.8025 0.5336 0.7983 0.5104 0.7942 0.5035 0.7917 0.5000 0.7800 0.4965
4 0.8750 0.4896 0.8708 0.4907 0.8675 0.4954 0.8667 0.5012 0.8608 0.5139 0.8575 0.5312 0.8592 0.5590 0.8608 0.5613 0.8642 0.5613 0.8692 0.5648 0.8733 0.5648 0.8758 0.5613 0.8842 0.5613 0.8917 0.5590 0.9008 0.5602 0.9042 0.5579 0.9133 0.5451 0.9142 0.5394 0.9192 0.5289 0.9242 0.5289 0.9275 0.5255 0.9275 0.5127 0.9258 0.5046 0.9208 0.4942 0.9033 0.4896 0.8858 0.4896
4 0.7275 0.4502 0.7250 0.4514 0.7200 0.4595 0.7192 0.4664 0.7158 0.4711 0.7150 0.4757 0.7117 0.4815 0.7117 0.5093 0.7167 0.5150 0.7242 0.5139 0.7275 0.5104 0.7392 0.5104 0.7450 0.5139 0.7475 0.5127 0.7483 0.5093 0.7533 0.5046 0.7575 0.4977 0.7625 0.4942 0.7708 0.4931 0.7708 0.4769 0.7642 0.4583 0.7608 0.4537 0.7550 0.4514 0.7350 0.4502
4 0.7317 0.4491 0.7233 0.4525 0.7183 0.4630 0.7183 0.4676 0.7158 0.4699 0.7150 0.4745 0.7117 0.4803 0.7117 0.5093 0.7167 0.5150 0.7217 0.5150 0.7267 0.5104 0.7350 0.5093 0.7467 0.5127 0.7575 0.4977 0.7633 0.4942 0.7708 0.4931 0.7708 0.4769 0.7642 0.4583 0.7608 0.4537 0.7558 0.4514 0.7408 0.4514 0.7325 0.4491
4 0.8142 0.4421 0.8042 0.4433 0.8008 0.4456 0.7975 0.4502 0.8008 0.4537 0.8008 0.4560 0.7983 0.4595 0.7958 0.4595 0.7950 0.4549 0.7950 0.4583 0.7900 0.4641 0.7892 0.4757 0.7908 0.4780 0.7908 0.4954 0.7942 0.4977 0.7992 0.4977 0.8008 0.4942 0.8025 0.4942 0.8050 0.4907 0.8075 0.4907 0.8100 0.4931 0.8150 0.4931 0.8175 0.4954 0.8242 0.4965 0.8400 0.4792 0.8392 0.4653 0.8342 0.4491 0.8250 0.4433 0.8150 0.4433
4 0.8717 0.4259 0.8642 0.4306 0.8625 0.4352 0.8642 0.4387 0.8608 0.4433 0.8617 0.4468 0.8567 0.4468 0.8567 0.4491 0.8542 0.4525 0.8533 0.4595 0.8550 0.4722 0.8625 0.4803 0.8658 0.4803 0.8692 0.4769 0.8792 0.4769 0.8925 0.4780 0.9000 0.4815 0.9033 0.4711 0.9017 0.4664 0.9025 0.4537 0.8967 0.4329 0.8917 0.4271 0.8742 0.4259
4 0.9175 0.4549 0.9108 0.4595 0.9083 0.4664 0.9100 0.4699 0.9083 0.4722 0.9042 0.4722 0.9042 0.4826 0.9067 0.4815 0.9058 0.4780 0.9083 0.4757 0.9100 0.4780 0.9092 0.4826 0.9125 0.4873 0.9125 0.4896 0.9175 0.4896 0.9233 0.4954 0.9525 0.4942 0.9550 0.4965 0.9583 0.4965 0.9592 0.4931 0.9583 0.4780 0.9558 0.4745 0.9542 0.4630 0.9433 0.4560 0.9350 0.4549 0.9308 0.4572 0.9292 0.4549 0.9217 0.4549
4 0.6267 0.4375 0.6150 0.4398 0.6108 0.4502 0.6058 0.4572 0.6058 0.4780 0.6108 0.4838 0.6483 0.4826 0.6492 0.4606 0.6467 0.4502 0.6433 0.4433 0.6383 0.4387 0.6275 0.4375
4 0.5575 0.4699 0.5533 0.4722 0.5442 0.4884 0.5442 0.5093 0.5475 0.5139 0.5675 0.5127 0.5708 0.5150 0.5875 0.5150 0.5892 0.5116 0.5900 0.4942 0.5867 0.4826 0.5800 0.4722 0.5692 0.4699
4 0.5408 0.4271 0.5367 0.4294 0.5292 0.4294 0.5242 0.4363 0.5192 0.4606 0.5192 0.4815 0.5217 0.4838 0.5283 0.4780 0.5325 0.4815 0.5408 0.4815 0.5458 0.4792 0.5558 0.4688 0.5658 0.4664 0.5658 0.4549 0.5633 0.4468 0.5633 0.4421 0.5617 0.4352 0.5575 0.4282 0.5417 0.4282
4 0.6967 0.4201 0.6917 0.4225 0.6858 0.4294 0.6808 0.4410 0.6808 0.4595 0.6908 0.4618 0.6950 0.4618 0.6992 0.4560 0.7008 0.4560 0.7042 0.4491 0.7083 0.4456 0.7208 0.4421 0.7200 0.4352 0.7125 0.4225 0.7008 0.4201
4 0.6692 0.4062 0.6592 0.4201 0.6592 0.4363 0.6600 0.4387 0.6717 0.4398 0.6733 0.4421 0.6758 0.4398 0.6808 0.4398 0.6842 0.4317 0.6933 0.4225 0.6942 0.4178 0.6900 0.4120 0.6892 0.4074 0.6833 0.4120 0.6808 0.4109 0.6783 0.4062 0.6742 0.4086 0.6700 0.4062
4 0.6108 0.4155 0.6000 0.4190 0.5933 0.4190 0.5917 0.4213 0.5900 0.4352 0.5925 0.4421 0.5917 0.4502 0.5942 0.4549 0.6067 0.4537 0.6133 0.4410 0.6192 0.4375 0.6258 0.4375 0.6292 0.4352 0.6283 0.4294 0.6225 0.4167 0.6117 0.4155
4 0.7658 0.4051 0.7608 0.4074 0.7575 0.4120 0.7575 0.4190 0.7550 0.4225 0.7517 0.4225 0.7500 0.4201 0.7500 0.4144 0.7533 0.4120 0.7525 0.4109 0.7467 0.4120 0.7433 0.4190 0.7433 0.4271 0.7400 0.4387 0.7400 0.4468 0.7592 0.4514 0.7633 0.4491 0.7642 0.4549 0.7675 0.4618 0.7817 0.4618 0.7850 0.4606 0.7875 0.4572 0.7908 0.4572 0.7950 0.4514 0.7958 0.4468 0.8042 0.4387 0.8025 0.4144 0.7983 0.4074 0.7908 0.4051
4 0.8242 0.4120 0.8183 0.4236 0.8175 0.4352 0.8267 0.4387 0.8292 0.4421 0.8350 0.4444 0.8375 0.4491 0.8525 0.4491 0.8542 0.4444 0.8550 0.4387 0.8517 0.4201 0.8492 0.4155 0.8442 0.4120
4 0.7950 0.3819 0.7875 0.3877 0.7850 0.3970 0.7875 0.4039 0.7950 0.4051 0.8017 0.4120 0.8058 0.4294 0.8092 0.4259 0.8150 0.4259 0.8183 0.4213 0.8192 0.4167 0.8225 0.4109 0.8217 0.4016 0.8175 0.3900 0.8142 0.3854 0.8075 0.3819
4 0.7192 0.3750 0.7100 0.3785 0.7042 0.3924 0.7025 0.3993 0.7025 0.4155 0.7050 0.4178 0.7125 0.4155 0.7250 0.4155 0.7283 0.4178 0.7350 0.4167 0.7350 0.4074 0.7367 0.4039 0.7358 0.3866 0.7308 0.3785 0.7208 0.3750
4 0.4542 0.3426 0.4508 0.3461 0.4425 0.3438 0.4408 0.3472 0.4392 0.3715 0.4408 0.3808 0.4425 0.3831 0.4525 0.3785 0.4592 0.3785 0.4625 0.3819 0.4642 0.3796 0.4658 0.3715 0.4658 0.3565 0.4633 0.3530 0.4625 0.3472 0.4575 0.3426