6 0.1293 0.3981 0.1020 0.4013 0.0838 0.4175 0.0783 0.4563 0.0783 0.4951 0.0874 0.5081 0.1166 0.5016 0.1220 0.4984 0.1202 0.4951 0.1275 0.4854 0.1603 0.4887 0.1639 0.4822 0.1566 0.4175 0.1384 0.3981
0 0.0000 0.3398 0.0000 0.9191 0.0036 0.9191 0.0128 0.8997 0.0128 0.8803 0.0164 0.8641 0.0164 0.8447 0.0128 0.8350 0.0146 0.8220 0.0219 0.8155 0.0255 0.8058 0.0255 0.7702 0.0291 0.7670 0.0310 0.7346 0.0455 0.7314 0.0474 0.7217 0.0419 0.7184 0.0437 0.7120 0.0401 0.7184 0.0346 0.7087 0.0346 0.6958 0.0437 0.6699 0.0455 0.6537 0.0419 0.5502 0.0437 0.5405 0.0419 0.5113 0.0364 0.4887 0.0401 0.3851 0.0383 0.3754 0.0237 0.3528 0.0018 0.3430
0 0.7268 0.2006 0.7013 0.2071 0.6849 0.2168 0.6740 0.2168 0.6266 0.2395 0.5938 0.2460 0.5920 0.2524 0.4991 0.2880 0.4918 0.2977 0.4863 0.4369 0.4845 0.5987 0.4863 0.6052 0.5082 0.6052 0.5118 0.6117 0.5155 0.5955 0.5137 0.5761 0.5173 0.5663 0.5246 0.5663 0.5282 0.5793 0.5301 0.5631 0.5373 0.5599 0.5446 0.5728 0.5464 0.6052 0.5519 0.6084 0.5592 0.6019 0.5628 0.5858 0.5774 0.5599 0.5774 0.5469 0.5847 0.5405 0.5993 0.5437 0.6047 0.5663 0.6248 0.5663 0.6339 0.5437 0.6521 0.5437 0.6576 0.5275 0.6794 0.5275 0.6812 0.5210 0.6831 0.5243 0.6922 0.5146 0.6940 0.5307 0.6976 0.5372 0.7158 0.5372 0.7195 0.5340 0.7195 0.5178 0.7231 0.5049 0.7213 0.4790 0.7268 0.4498 0.7268 0.4272 0.7341 0.4110 0.7432 0.4045 0.7723 0.4013 0.8434 0.4045 0.8525 0.3883 0.8616 0.3851 0.8707 0.3657 0.8689 0.3333 0.8725 0.2913 0.8707 0.2492 0.8597 0.2201 0.8251 0.2104 0.7432 0.2006
0 0.2987 0.4013 0.2896 0.4045 0.2823 0.4207 0.2659 0.4304 0.2623 0.4369 0.2605 0.4628 0.2641 0.4660 0.2641 0.4531 0.2678 0.4498 0.2696 0.4660 0.2750 0.4660 0.2787 0.4628 0.2787 0.4531 0.2823 0.4466 0.2860 0.4854 0.2969 0.4984 0.3042 0.4887 0.3133 0.4887 0.3224 0.5113 0.3352 0.5113 0.3497 0.4984 0.3552 0.4984 0.3588 0.4887 0.3570 0.4660 0.3534 0.4563 0.3534 0.4045 0.3479 0.4013
4 0.3934 0.5502 0.3661 0.5599 0.3515 0.6019 0.3515 0.6278 0.3443 0.6472 0.3406 0.6731 0.3424 0.6828 0.3388 0.6893 0.3388 0.7605 0.3479 0.7735 0.3515 0.7896 0.3716 0.7864 0.3752 0.7767 0.3825 0.7702 0.4481 0.7702 0.4608 0.7767 0.4736 0.7961 0.4900 0.7929 0.4954 0.7443 0.4936 0.6828 0.4845 0.6505 0.4791 0.6117 0.4645 0.5696 0.4590 0.5631 0.4353 0.5534 0.4080 0.5502
4 0.6867 0.5437 0.6412 0.5534 0.6339 0.5599 0.6266 0.5858 0.6248 0.6149 0.6211 0.6181 0.6175 0.6343 0.6066 0.6505 0.6047 0.6764 0.6011 0.6796 0.5993 0.6958 0.6011 0.7379 0.5938 0.7508 0.5993 0.7670 0.5956 0.8447 0.5993 0.8673 0.6066 0.8738 0.6230 0.8738 0.6302 0.8447 0.6375 0.8414 0.6557 0.8641 0.6594 0.9191 0.6576 0.9223 0.6703 0.9353 0.6903 0.9320 0.6958 0.9223 0.6976 0.8997 0.7486 0.9061 0.8270 0.9029 0.8506 0.9094 0.8561 0.9385 0.8652 0.9450 0.8852 0.9450 0.8907 0.9320 0.8998 0.8867 0.8998 0.7767 0.8871 0.7249 0.8743 0.7120 0.8707 0.6796 0.8652 0.6796 0.8543 0.6602 0.8397 0.6181 0.8233 0.5858 0.8033 0.5696 0.8015 0.5631 0.7158 0.5437
4 0.5428 0.6764 0.5464 0.6667 0.5483 0.6343 0.5683 0.5890 0.5756 0.5761 0.5938 0.5696 0.5956 0.5696 0.5993 0.5761 0.6211 0.5728 0.6248 0.5761 0.6248 0.5890 0.6193 0.6246 0.6084 0.6472 0.6082 0.6481 0.6066 0.6505 0.6061 0.6570 0.5993 0.6861 0.5993 0.7411 0.5938 0.7508 0.5961 0.7576 0.5974 0.7767 0.5920 0.7832 0.5883 0.7799 0.5865 0.7638 0.5792 0.7443 0.5683 0.7476 0.5628 0.7573 0.5501 0.7573 0.5446 0.7508
4 0.3097 0.6019 0.3115 0.6214 0.3151 0.6214 0.3169 0.5858 0.3242 0.5599 0.3297 0.5469 0.3443 0.5372 0.3534 0.5372 0.3843 0.5437 0.3880 0.5502 0.3734 0.5502 0.3588 0.5663 0.3515 0.5987 0.3515 0.6278 0.3443 0.6375 0.3443 0.6472 0.3437 0.6516 0.3406 0.6570 0.3388 0.6893 0.3297 0.6861 0.3169 0.6926 0.3097 0.6764
1 0.0947 0.5437 0.0874 0.5534 0.0856 0.5631 0.0856 0.5987 0.0638 0.6181 0.0546 0.6408 0.0546 0.6505 0.0492 0.6667 0.0492 0.6958 0.0510 0.7087 0.0656 0.7184 0.0692 0.7540 0.0765 0.7540 0.0801 0.7476 0.0984 0.7540 0.1056 0.7670 0.1184 0.7767 0.1293 0.7605 0.1330 0.7217 0.1366 0.7152 0.1494 0.7152 0.1530 0.7055 0.1530 0.6926 0.1384 0.6311 0.1184 0.6019 0.1220 0.5825 0.1220 0.5599 0.1184 0.5502 0.1075 0.5437
1 0.1712 0.5372 0.1603 0.5502 0.1621 0.5825 0.1475 0.6084 0.1457 0.6440 0.1494 0.6505 0.1621 0.6537 0.1639 0.6667 0.1530 0.6796 0.1566 0.6926 0.1767 0.6926 0.1876 0.7087 0.1876 0.7379 0.1949 0.7443 0.1949 0.7540 0.1913 0.7605 0.1913 0.7735 0.1949 0.7832 0.1913 0.8091 0.1967 0.8188 0.2040 0.8155 0.2022 0.7896 0.2058 0.7670 0.2058 0.7023 0.2149 0.6958 0.2131 0.6570 0.2004 0.6117 0.1858 0.5858 0.1931 0.5696 0.1840 0.5437 0.1767 0.5372
1 0.2568 0.5049 0.2514 0.5081 0.2477 0.5405 0.2423 0.5534 0.2313 0.5469 0.2240 0.5534 0.2277 0.5663 0.2386 0.5696 0.2459 0.5793 0.2404 0.6699 0.2459 0.7055 0.2441 0.7443 0.2477 0.7670 0.2459 0.8091 0.2514 0.8997 0.2459 0.9126 0.2386 0.9191 0.2386 0.9353 0.2441 0.9385 0.2587 0.9353 0.2787 0.9191 0.2714 0.8155 0.2714 0.7799 0.2769 0.7411 0.2823 0.7249 0.2823 0.6246 0.2860 0.6117 0.2860 0.5890 0.2750 0.5663 0.2678 0.5599 0.2714 0.5340 0.2696 0.5146 0.2605 0.5049
1 0.2987 0.5210 0.2896 0.5437 0.2896 0.6117 0.2933 0.6214 0.2987 0.6246 0.3024 0.6181 0.3024 0.6019 0.3042 0.5922 0.3097 0.5890 0.3097 0.5599 0.3133 0.5502 0.3060 0.5372 0.3060 0.5275 0.3005 0.5243
2 0.0510 0.8867 0.0583 0.8738 0.0619 0.8350 0.0583 0.8252 0.0601 0.8188 0.0546 0.8091 0.0638 0.7929 0.0656 0.7670 0.0638 0.7508 0.0601 0.7443 0.0638 0.7249 0.0592 0.7142 0.0656 0.7184 0.0692 0.7540 0.0765 0.7540 0.0801 0.7476 0.0984 0.7540 0.1056 0.7670 0.1184 0.7767 0.1293 0.7605 0.1330 0.7217 0.1366 0.7152 0.1494 0.7152 0.1530 0.7055 0.1530 0.6947 0.1548 0.7055 0.1603 0.7120 0.1566 0.7184 0.1585 0.7314 0.1548 0.7346 0.1603 0.7508 0.1603 0.7605 0.1566 0.7670 0.1603 0.7702 0.1621 0.7929 0.1548 0.7994 0.1530 0.8511 0.1439 0.8803 0.1457 0.9061 0.1348 0.9159 0.1220 0.9385 0.1184 0.9547 0.1075 0.9547 0.1038 0.9612 0.1020 0.9903 0.0984 0.9968 0.0838 0.9968 0.0801 0.9871 0.0783 0.9547 0.0656 0.9288 0.0638 0.9126 0.0510 0.8932
2 0.0638 0.7508 0.0656 0.7670 0.0649 0.7769
2 0.1548 0.8706 0.1583 0.7963 0.1621 0.7929 0.1603 0.7702 0.1566 0.7670 0.1603 0.7605 0.1603 0.7508 0.1575 0.7425 0.1585 0.7346 0.1583 0.7315 0.1585 0.7314 0.1583 0.7301 0.1577 0.7165 0.1603 0.7120 0.1574 0.7086 0.1568 0.6926 0.1767 0.6926 0.1869 0.7077 0.1876 0.7098 0.1876 0.7379 0.1949 0.7456 0.1949 0.7540 0.1913 0.7605 0.1913 0.7735 0.1949 0.7832 0.1913 0.8091 0.1967 0.8188 0.2040 0.8155 0.2040 0.8188 0.1949 0.8350 0.1767 0.8479 0.1712 0.8576 0.1694 0.8803 0.1621 0.8867