4 0.9856 0.5529 0.9856 0.5649 0.9712 0.5721 0.9447 0.6082 0.9327 0.6202 0.9255 0.6202 0.9183 0.6274 0.9111 0.6514 0.8582 0.6995 0.8558 0.7236 0.8486 0.7380 0.8438 0.7668 0.8510 0.8149 0.8606 0.8317 0.9615 0.8702 0.9784 0.8750 0.9904 0.8726 0.9928 0.8077 0.9976 0.8053 0.9976 0.6707 0.9904 0.6659 0.9904 0.5649 0.9856 0.5553
1 0.2764 0.4519 0.2644 0.4712 0.2644 0.5096 0.2548 0.5264 0.2452 0.5601 0.2380 0.5697 0.2308 0.5721 0.2212 0.5721 0.2139 0.5673 0.2091 0.5697 0.2043 0.5841 0.2067 0.5913 0.2139 0.5962 0.2500 0.6082 0.2476 0.6875 0.2548 0.6995 0.2596 0.7212 0.2668 0.8365 0.2668 0.8510 0.2596 0.8774 0.2788 0.8846 0.2933 0.8774 0.2981 0.8582 0.2957 0.7188 0.3077 0.6683 0.3053 0.6178 0.3125 0.6010 0.3149 0.5721 0.3197 0.5673 0.3125 0.5457 0.3125 0.5120 0.2981 0.4736 0.2933 0.4712 0.2981 0.4663 0.2981 0.4591 0.2861 0.4615 0.2861 0.4543 0.2788 0.4519
1 0.5000 0.4495 0.4928 0.4615 0.4928 0.4736 0.4736 0.5024 0.4663 0.5409 0.4543 0.5529 0.4519 0.5673 0.4543 0.5745 0.4663 0.5841 0.4663 0.6298 0.4712 0.6370 0.4712 0.6587 0.4615 0.6995 0.4615 0.7332 0.4543 0.7837 0.4591 0.8005 0.4639 0.8029 0.4736 0.7933 0.4712 0.7812 0.4760 0.7380 0.4736 0.7332 0.4784 0.7236 0.4760 0.7188 0.4808 0.7163 0.4856 0.6923 0.4832 0.6899 0.4880 0.6851 0.4976 0.6875 0.5048 0.7404 0.5120 0.7596 0.5120 0.8173 0.4976 0.8365 0.4976 0.8462 0.5024 0.8510 0.5192 0.8510 0.5264 0.8438 0.5288 0.7981 0.5385 0.7764 0.5337 0.7668 0.5361 0.7548 0.5312 0.7500 0.5337 0.7476 0.5264 0.7260 0.5264 0.6875 0.5361 0.6779 0.5433 0.5865 0.5433 0.5481 0.5337 0.5192 0.5337 0.5120 0.5385 0.5120 0.5337 0.4952 0.5361 0.4880 0.5312 0.4736 0.5312 0.4976 0.5192 0.4976 0.5216 0.4663 0.5096 0.4495
1 0.6683 0.4736 0.6538 0.4880 0.6514 0.4976 0.6514 0.5361 0.6466 0.5457 0.6466 0.5625 0.6346 0.5721 0.6346 0.5793 0.6298 0.5841 0.6226 0.5817 0.6226 0.5673 0.6106 0.5625 0.6106 0.5769 0.6226 0.5938 0.6226 0.6082 0.6394 0.6274 0.6370 0.6779 0.6538 0.7043 0.6538 0.7885 0.6370 0.8125 0.6370 0.8173 0.6490 0.8269 0.6538 0.8365 0.6755 0.8365 0.6707 0.7115 0.6731 0.6971 0.6803 0.6851 0.6851 0.5986 0.6803 0.5889 0.6779 0.5649 0.6683 0.5433 0.6683 0.5240 0.6731 0.5216 0.6779 0.5264 0.6755 0.5361 0.6851 0.5361 0.6851 0.5312 0.6779 0.5240 0.6779 0.4808 0.6731 0.4736
1 0.6755 0.7524 0.6851 0.7452 0.6875 0.7308 0.6805 0.6816 0.6809 0.6743 0.6827 0.6562 0.6875 0.6514 0.6846 0.6070 0.6851 0.5986 0.6839 0.5962 0.6827 0.5769 0.6875 0.5673 0.6875 0.5240 0.6923 0.5168 0.6923 0.4976 0.6971 0.4904 0.6995 0.4928 0.7115 0.4976 0.7067 0.5072 0.7188 0.5288 0.7188 0.5697 0.7139 0.5865 0.7139 0.6322 0.7091 0.6562 0.7091 0.7524 0.7043 0.7668 0.6995 0.7692 0.6851 0.7692 0.6779 0.7644
1 0.0264 0.4327 0.0192 0.4760 0.0096 0.4856 0.0144 0.4928 0.0120 0.5048 0.0168 0.5120 0.0144 0.5721 0.0192 0.6298 0.0192 0.7188 0.0144 0.7260 0.0096 0.7212 0.0168 0.7284 0.0168 0.7332 0.0096 0.7332 0.0096 0.7380 0.0192 0.7452 0.0192 0.7788 0.0433 0.7284 0.0529 0.6995 0.0481 0.6538 0.0673 0.6298 0.0745 0.5577 0.0721 0.5481 0.0673 0.5433 0.0601 0.5433 0.0409 0.5240 0.0385 0.4832 0.0433 0.4712 0.0433 0.4447 0.0337 0.4327
1 0.3438 0.4303 0.3389 0.4375 0.3365 0.4543 0.3389 0.4808 0.3269 0.4928 0.3269 0.5433 0.3341 0.5505 0.3341 0.5649 0.3269 0.5745 0.3293 0.5986 0.3221 0.6250 0.3245 0.6442 0.3197 0.6611 0.3149 0.6635 0.3149 0.6707 0.3197 0.6755 0.3149 0.6779 0.3173 0.7308 0.3245 0.7476 0.3293 0.7500 0.3293 0.7620 0.3341 0.7668 0.3293 0.7812 0.3245 0.7668 0.3245 0.7788 0.3293 0.7837 0.3245 0.7909 0.3317 0.8005 0.3558 0.7788 0.3462 0.7476 0.3462 0.7236 0.3582 0.6370 0.3582 0.6154 0.3534 0.6082 0.3534 0.5986 0.3582 0.5938 0.3606 0.5697 0.3726 0.5529 0.3678 0.4952 0.3558 0.4760 0.3558 0.4375 0.3486 0.4303
1 0.4543 0.4303 0.4471 0.4351 0.4351 0.4615 0.4231 0.5120 0.4111 0.5240 0.4159 0.5625 0.4303 0.5769 0.4303 0.5938 0.4231 0.6178 0.4231 0.6683 0.4327 0.6683 0.4279 0.6490 0.4375 0.6058 0.4423 0.6130 0.4471 0.6635 0.4495 0.6683 0.4615 0.6683 0.4519 0.6490 0.4495 0.6322 0.4495 0.5216 0.4567 0.5096 0.4543 0.4712 0.4591 0.4591 0.4591 0.4351
1 0.5649 0.4615 0.5577 0.4832 0.5577 0.4952 0.5481 0.5144 0.5481 0.5577 0.5505 0.5865 0.5577 0.5986 0.5553 0.6250 0.5601 0.6298 0.5553 0.6346 0.5553 0.6418 0.5625 0.6587 0.5673 0.7404 0.5769 0.7404 0.5793 0.7356 0.5817 0.6875 0.5913 0.6346 0.5913 0.6034 0.5986 0.5938 0.5962 0.5457 0.5913 0.5385 0.5848 0.5082 0.5769 0.4784 0.5793 0.4712 0.5745 0.4615
1 0.7332 0.4423 0.7284 0.4591 0.7284 0.5048 0.7236 0.5312 0.7308 0.5457 0.7260 0.5553 0.7260 0.6226 0.7308 0.6370 0.7356 0.6394 0.7404 0.6394 0.7476 0.6322 0.7476 0.6106 0.7404 0.5889 0.7404 0.5721 0.7476 0.5481 0.7476 0.4808 0.7428 0.4495 0.7356 0.4423
1 0.8918 0.4543 0.8798 0.4808 0.8726 0.5385 0.8774 0.6130 0.8918 0.6106 0.8870 0.5721 0.8990 0.5433 0.9062 0.5361 0.8990 0.5000 0.8990 0.4543