0 0.0000 0.3293 0.0000 0.8822 0.0264 0.8774 0.0337 0.8822 0.0409 0.8798 0.0553 0.8942 0.0938 0.8918 0.1010 0.8846 0.1178 0.8798 0.1322 0.8630 0.1466 0.8149 0.1466 0.7043 0.1418 0.6947 0.1418 0.6611 0.1322 0.6466 0.1202 0.5913 0.1034 0.5601 0.1010 0.5288 0.0889 0.5192 0.0793 0.5024 0.0601 0.4471 0.0048 0.3341
0 0.2043 0.4471 0.1995 0.4543 0.1803 0.4591 0.1779 0.4663 0.1779 0.5096 0.1707 0.5481 0.1707 0.5938 0.1755 0.6082 0.1923 0.6034 0.2091 0.6058 0.2163 0.6010 0.2163 0.6178 0.2212 0.6298 0.2380 0.6322 0.2452 0.6298 0.2620 0.6106 0.2644 0.6154 0.2788 0.6106 0.2861 0.5793 0.2788 0.5745 0.2788 0.5697 0.2668 0.5697 0.2620 0.5769 0.2500 0.5769 0.2476 0.5529 0.2668 0.5385 0.2764 0.5361 0.2812 0.5288 0.2861 0.5288 0.2957 0.5192 0.2957 0.5072 0.3029 0.4976 0.3101 0.4976 0.3221 0.5048 0.3438 0.5072 0.3534 0.4976 0.3654 0.4976 0.3750 0.5096 0.3750 0.5192 0.3798 0.5168 0.3846 0.5216 0.3774 0.5240 0.3774 0.5288 0.3870 0.5216 0.3990 0.5000 0.4111 0.4976 0.4207 0.5048 0.4231 0.5120 0.4303 0.5144 0.4423 0.5024 0.4471 0.5120 0.4399 0.5168 0.4447 0.5216 0.4495 0.5192 0.4495 0.5048 0.4543 0.5000 0.4663 0.5000 0.4712 0.5120 0.4832 0.5240 0.4856 0.5457 0.4880 0.5072 0.4952 0.4952 0.4880 0.4880 0.4856 0.4760 0.4808 0.4712 0.3173 0.4639 0.2596 0.4495 0.2452 0.4567 0.2284 0.4567 0.2139 0.4471
1 0.3029 0.5024 0.3005 0.5192 0.2764 0.5409 0.2596 0.5481 0.2524 0.5553 0.2524 0.5601 0.2812 0.5529 0.2909 0.5553 0.2885 0.5938 0.2812 0.6178 0.2837 0.6394 0.2788 0.6635 0.2788 0.6971 0.2861 0.7019 0.2909 0.6947 0.2981 0.6418 0.3077 0.6274 0.3173 0.6370 0.3197 0.6779 0.3245 0.6923 0.3317 0.6995 0.3413 0.6923 0.3341 0.6466 0.3341 0.6226 0.3197 0.5745 0.3245 0.5601 0.3365 0.5793 0.3365 0.5649 0.3245 0.5288 0.3125 0.5192 0.3101 0.5024
1 0.3582 0.5000 0.3413 0.5337 0.3438 0.5865 0.3389 0.5986 0.3438 0.6226 0.3438 0.6803 0.3486 0.6803 0.3510 0.6731 0.3558 0.6370 0.3630 0.6466 0.3630 0.6731 0.3726 0.6731 0.3726 0.5938 0.3774 0.5793 0.3846 0.5721 0.3822 0.5457 0.3630 0.5120 0.3630 0.5000
1 0.4038 0.5000 0.3846 0.5409 0.3870 0.5529 0.3918 0.5433 0.3990 0.5457 0.3990 0.5601 0.3894 0.5625 0.3942 0.5745 0.3918 0.5986 0.3990 0.6731 0.4062 0.6731 0.4087 0.6322 0.4135 0.6346 0.4159 0.6683 0.4255 0.6707 0.4207 0.6034 0.4255 0.5529 0.4231 0.5312 0.4135 0.5168 0.4111 0.5000
1 0.4591 0.5024 0.4543 0.5288 0.4447 0.5433 0.4447 0.5769 0.4543 0.5986 0.4567 0.6514 0.4639 0.6707 0.4736 0.6635 0.4808 0.6635 0.4784 0.5938 0.4832 0.5769 0.4784 0.5601 0.4784 0.5264 0.4639 0.5024
1 0.5168 0.4880 0.5120 0.4952 0.5120 0.5096 0.5048 0.5144 0.5000 0.5264 0.4976 0.5481 0.4976 0.6178 0.5024 0.6322 0.5000 0.6466 0.5048 0.6659 0.5096 0.6611 0.5096 0.6370 0.5168 0.6154 0.5240 0.6346 0.5240 0.6611 0.5312 0.6659 0.5337 0.6418 0.5312 0.5986 0.5385 0.5769 0.5385 0.5409 0.5361 0.5216 0.5240 0.5096 0.5192 0.4880
1 0.5625 0.5000 0.5577 0.5072 0.5577 0.5264 0.5481 0.5457 0.5457 0.5793 0.5529 0.5913 0.5505 0.6130 0.5553 0.6370 0.5553 0.6755 0.5745 0.6731 0.5769 0.6683 0.5745 0.5865 0.5841 0.5673 0.5793 0.5288 0.5721 0.5240 0.5697 0.5072 0.5649 0.5000
1 0.5962 0.4976 0.5913 0.5072 0.5938 0.5264 0.5841 0.5481 0.5865 0.5601 0.5817 0.5625 0.5817 0.5673 0.5913 0.5938 0.6010 0.6587 0.5986 0.6827 0.6034 0.6851 0.6130 0.6803 0.6130 0.6154 0.6250 0.5697 0.6226 0.5240 0.6106 0.5168 0.6034 0.4976
1 0.6971 0.5144 0.6851 0.5337 0.6779 0.5769 0.6779 0.6010 0.6851 0.6106 0.6851 0.6346 0.6731 0.7067 0.6803 0.7091 0.6899 0.7067 0.6923 0.6971 0.6923 0.6659 0.6971 0.6370 0.6995 0.6346 0.7043 0.6394 0.7043 0.6490 0.7115 0.6562 0.7115 0.6082 0.7188 0.5553 0.7139 0.5361 0.6995 0.5144
1 0.8029 0.4519 0.7957 0.4615 0.7957 0.4880 0.7861 0.4928 0.7668 0.5240 0.7620 0.5385 0.7596 0.5745 0.7500 0.6082 0.7476 0.6346 0.7548 0.6346 0.7548 0.6178 0.7620 0.6130 0.7644 0.6010 0.7692 0.5986 0.7740 0.6058 0.7740 0.6154 0.7644 0.6394 0.7644 0.6538 0.7596 0.6587 0.7572 0.6803 0.7620 0.7861 0.7452 0.8029 0.7500 0.8125 0.7788 0.8125 0.7909 0.8053 0.8029 0.8101 0.8101 0.8053 0.8125 0.7933 0.8101 0.7909 0.8149 0.7644 0.8149 0.7188 0.8197 0.7091 0.8269 0.6322 0.8293 0.5216 0.8197 0.4928 0.8197 0.4567 0.8101 0.4519
1 0.8894 0.4736 0.8774 0.4784 0.8678 0.4880 0.8654 0.5024 0.8558 0.5072 0.8558 0.5120 0.8606 0.5120 0.8654 0.5192 0.8606 0.5361 0.8486 0.5409 0.8486 0.5168 0.8389 0.5144 0.8317 0.5433 0.8365 0.5505 0.8317 0.5745 0.8365 0.5913 0.8438 0.5986 0.8413 0.6178 0.8462 0.6202 0.8413 0.7236 0.8510 0.7885 0.8558 0.7981 0.8558 0.8534 0.8630 0.8702 0.8558 0.8774 0.8534 0.8918 0.8654 0.8990 0.8870 0.9038 0.8918 0.9038 0.9038 0.8918 0.9231 0.8918 0.9183 0.8870 0.9207 0.8462 0.9038 0.7716 0.9111 0.7284 0.9111 0.6466 0.9231 0.5673 0.9183 0.5433 0.9014 0.5192 0.9038 0.5048 0.9111 0.4976 0.9111 0.4832 0.8990 0.4736