4 0.7125 0.3812 0.7025 0.3991 0.7000 0.5157 0.7000 0.5695 0.7100 0.5874 0.7100 0.6009 0.7150 0.6009 0.7150 0.6099 0.7575 0.6099 0.7875 0.6188 0.7975 0.6457 0.8100 0.6457 0.8125 0.6278 0.8075 0.4664 0.7950 0.4126 0.7875 0.4126 0.7575 0.3812
4 0.3600 0.3408 0.3425 0.3812 0.3450 0.4036 0.3550 0.4170 0.3600 0.4484 0.3725 0.4484 0.3775 0.4395 0.3800 0.4529 0.3825 0.4484 0.3900 0.4574 0.3900 0.4709 0.3950 0.4709 0.4000 0.4036 0.4000 0.3587 0.3900 0.3408
0 0.4150 0.1883 0.4100 0.2197 0.4100 0.3229 0.4000 0.3363 0.4050 0.3363 0.4075 0.3453 0.4000 0.4126 0.4000 0.4888 0.3950 0.5022 0.3950 0.6009 0.4075 0.6009 0.4125 0.5830 0.4275 0.5919 0.4300 0.5740 0.4375 0.5605 0.4525 0.5605 0.4625 0.5471 0.4800 0.5516 0.4900 0.5650 0.5100 0.5650 0.5200 0.5516 0.5300 0.5740 0.5325 0.6143 0.5375 0.6188 0.5450 0.6188 0.5500 0.6009 0.5575 0.6009 0.5650 0.5516 0.5625 0.5426 0.5675 0.5381 0.5625 0.5336 0.5675 0.5247 0.5675 0.4978 0.5625 0.4798 0.5675 0.4619 0.5650 0.4484 0.5750 0.4395 0.5775 0.4170 0.5750 0.4126 0.5800 0.3677 0.5825 0.2152 0.5750 0.2108 0.5750 0.2018 0.5650 0.1973 0.5275 0.1973 0.4925 0.1883
1 0.1850 0.3453 0.1800 0.3543 0.1800 0.4170 0.1475 0.4529 0.1425 0.4664 0.1500 0.4709 0.1450 0.4619 0.1525 0.4574 0.1525 0.4484 0.1600 0.4574 0.1550 0.4664 0.1525 0.5426 0.1450 0.5605 0.1500 0.5740 0.1475 0.5964 0.1575 0.6413 0.1575 0.6906 0.1250 0.7265 0.1050 0.7399 0.1050 0.7489 0.1200 0.7848 0.1200 0.8161 0.1375 0.8251 0.1550 0.8251 0.1575 0.8117 0.1600 0.8251 0.1675 0.8206 0.1675 0.7892 0.1725 0.7848 0.1725 0.7668 0.1675 0.7623 0.1725 0.7534 0.1700 0.7354 0.1775 0.7309 0.1850 0.7085 0.1950 0.7040 0.1850 0.6099 0.1850 0.5919 0.1900 0.5785 0.1800 0.5695 0.1850 0.5650 0.1825 0.5471 0.1875 0.4619 0.2125 0.4170 0.2150 0.3543 0.2075 0.3453
1 0.1675 0.7623 0.1725 0.7534 0.1718 0.7485 0.2175 0.6861 0.2125 0.5247 0.2075 0.5112 0.2100 0.4395 0.2175 0.4350 0.2175 0.4170 0.2300 0.3901 0.2275 0.3363 0.2375 0.3229 0.2475 0.3229 0.2600 0.3363 0.2550 0.3991 0.2475 0.4081 0.2500 0.4843 0.2450 0.5605 0.2575 0.5919 0.2575 0.6054 0.2525 0.6143 0.2525 0.7175 0.2425 0.7578 0.2400 0.8117 0.2625 0.8430 0.2200 0.8475 0.2150 0.8341 0.2200 0.8251 0.2250 0.7892 0.2250 0.7489 0.2300 0.7220 0.2275 0.7175 0.2125 0.7265 0.1750 0.7668 0.1725 0.7668
1 0.6650 0.3677 0.6500 0.3767 0.6475 0.3857 0.6500 0.4395 0.6425 0.4529 0.5975 0.4933 0.5850 0.5157 0.5675 0.5785 0.5700 0.5964 0.5800 0.5964 0.5800 0.5740 0.5975 0.5202 0.6100 0.5022 0.6200 0.5067 0.6150 0.5561 0.6075 0.5695 0.6125 0.5785 0.6050 0.5874 0.6050 0.6547 0.5925 0.7040 0.5600 0.7130 0.5550 0.7220 0.5300 0.7220 0.5200 0.7130 0.5125 0.7220 0.5050 0.7489 0.5025 0.7803 0.5050 0.7848 0.5300 0.7489 0.5400 0.7444 0.6075 0.7354 0.6275 0.6726 0.6400 0.6547 0.6600 0.6726 0.6700 0.6951 0.6675 0.7848 0.6600 0.8251 0.6700 0.8386 0.6925 0.8520 0.7075 0.8430 0.6900 0.8206 0.6800 0.7937 0.6825 0.7444 0.6925 0.6951 0.6925 0.6637 0.6550 0.6099 0.6575 0.5964 0.6525 0.5874 0.6525 0.5785 0.6600 0.5740 0.6825 0.5919 0.6875 0.6054 0.7025 0.5919 0.7000 0.5830 0.6900 0.5830 0.6850 0.5740 0.6725 0.5695 0.6575 0.5471 0.6675 0.4529 0.6750 0.4439 0.6800 0.4260 0.6775 0.3767 0.6675 0.3677
1 0.9225 0.4529 0.9150 0.4664 0.9125 0.4843 0.9025 0.4978 0.9000 0.5381 0.9425 0.5247 0.9400 0.5067 0.9300 0.4888 0.9300 0.4664
1 0.3225 0.3587 0.3150 0.3722 0.3150 0.3991 0.3000 0.4260 0.2975 0.4484 0.3025 0.4574 0.3275 0.4574 0.3375 0.4753 0.3375 0.4619 0.3450 0.4574 0.3450 0.4395 0.3425 0.4260 0.3325 0.4126 0.3350 0.3812 0.3250 0.3587
2 0.3025 0.4619 0.2925 0.4798 0.2950 0.4888 0.2900 0.5022 0.2875 0.5785 0.2875 0.5919 0.3025 0.6143 0.3025 0.6413 0.3150 0.6413 0.3350 0.6009 0.3425 0.6009 0.3475 0.5874 0.3425 0.5516 0.3500 0.5426 0.3500 0.5202 0.3375 0.5022 0.3375 0.4753 0.3250 0.4619
2 0.2650 0.3453 0.2600 0.3677 0.2600 0.3991 0.2525 0.4126 0.2550 0.5695 0.2675 0.5650 0.2700 0.5336 0.2775 0.5157 0.2775 0.4664 0.2825 0.4484 0.2800 0.4439 0.2850 0.4305 0.2925 0.4305 0.2950 0.4081 0.2875 0.3857 0.2875 0.3991 0.2800 0.3991 0.2775 0.3543 0.2700 0.3453
2 0.2675 0.5650 0.2700 0.5336 0.2760 0.5193
2 0.8900 0.6861 0.8950 0.6726 0.8925 0.6233 0.9000 0.6054 0.9100 0.5964 0.9050 0.5381 0.9106 0.5348 0.9142 0.5336 0.9375 0.5336 0.9475 0.5471 0.9475 0.5919 0.9575 0.6009 0.9575 0.6099 0.9725 0.6413 0.9500 0.6771 0.9525 0.7040 0.9375 0.6816 0.9325 0.7040 0.9250 0.7040 0.9175 0.6951 0.9125 0.6996 0.9075 0.6816 0.9025 0.6816 0.9000 0.6906