4 0.3292 0.6571 0.3200 0.6714 0.3200 0.7107 0.3262 0.7179 0.3692 0.7214 0.4246 0.7357 0.4338 0.7429 0.4615 0.7393 0.4677 0.7036 0.4585 0.6857 0.3323 0.6571
4 0.5815 0.5607 0.5662 0.5714 0.5662 0.6000 0.5723 0.6214 0.5692 0.6250 0.5785 0.7036 0.5908 0.7321 0.6154 0.7321 0.6338 0.7179 0.6308 0.6679 0.6246 0.6571 0.6246 0.6321 0.6185 0.6250 0.6185 0.5964 0.6092 0.5607
4 0.7323 0.5964 0.7231 0.6107 0.7231 0.6429 0.7292 0.6536 0.7508 0.6607 0.8185 0.6571 0.8246 0.6643 0.8554 0.6571 0.8554 0.6071 0.7846 0.6036 0.7600 0.5964
4 0.6554 0.2786 0.6369 0.3000 0.5877 0.4071 0.5877 0.4321 0.6154 0.4536 0.6277 0.4536 0.6431 0.4393 0.6523 0.4143 0.6646 0.4000 0.6677 0.3821 0.6862 0.3429 0.6923 0.3393 0.6954 0.3000 0.6677 0.2786
4 0.5662 0.1821 0.5446 0.2321 0.5169 0.3179 0.5169 0.3357 0.5631 0.3571 0.5692 0.3536 0.5785 0.3286 0.6092 0.2357 0.6154 0.2036 0.5815 0.1821
4 0.1938 0.3107 0.1723 0.3429 0.1723 0.3571 0.2400 0.4179 0.2492 0.4179 0.2769 0.4393 0.2923 0.4393 0.3015 0.4286 0.3108 0.4107 0.3077 0.3857 0.2831 0.3679 0.2738 0.3536 0.2646 0.3536 0.2062 0.3107
4 0.1046 0.4286 0.0831 0.4500 0.0800 0.4679 0.0862 0.4821 0.1446 0.5464 0.1754 0.5714 0.1877 0.5714 0.2123 0.5393 0.2123 0.5286 0.1446 0.4500 0.1385 0.4500 0.1169 0.4286
4 0.3631 0.4214 0.2523 0.5036 0.2523 0.5357 0.2677 0.5536 0.2769 0.5464 0.2985 0.5429 0.3877 0.4714 0.3846 0.4500 0.3662 0.4214
4 0.0862 0.2321 0.0000 0.2357 0.0000 0.2821 0.0585 0.2857 0.0923 0.2964 0.1200 0.2964 0.1292 0.2857 0.1323 0.2607 0.1292 0.2429 0.1231 0.2357 0.0892 0.2321
4 0.0800 0.1036 0.0677 0.1179 0.0708 0.1607 0.0800 0.1679 0.1046 0.1679 0.1108 0.1607 0.1231 0.1607 0.1292 0.1679 0.1446 0.1714 0.1846 0.1714 0.2062 0.1643 0.2031 0.1143 0.1908 0.1071 0.1538 0.1036
4 0.8892 0.0000 0.8677 0.1250 0.8708 0.1429 0.8862 0.1500 0.9138 0.1500 0.9262 0.1250 0.9415 0.0000
4 0.8769 0.3214 0.8523 0.3536 0.8523 0.3714 0.8308 0.4536 0.8308 0.5000 0.8431 0.5107 0.8308 0.5143 0.8308 0.5214 0.8431 0.5214 0.8492 0.5143 0.8431 0.5107 0.8462 0.5071 0.8554 0.5107 0.8554 0.5000 0.8492 0.4964 0.8554 0.4893 0.8677 0.4964 0.8708 0.4929 0.8769 0.5000 0.8985 0.4964 0.9231 0.3571 0.9169 0.3321 0.8800 0.3214
4 0.7385 0.7429 0.7323 0.7464 0.7323 0.8286 0.7538 0.8321 0.7600 0.8250 0.7662 0.7857 0.7662 0.7500 0.7538 0.7429 0.7415 0.7464
4 0.7015 0.3679 0.6769 0.4250 0.6769 0.4536 0.7015 0.4571 0.7138 0.4214 0.7200 0.4179 0.7292 0.3964 0.7262 0.3786 0.7046 0.3714