1 0.4391 0.7099 0.4356 0.7129 0.4356 0.7185 0.4345 0.7201 0.4316 0.7214 0.4304 0.7227 0.4287 0.7273 0.4304 0.7323 0.4316 0.7329 0.4351 0.7332 0.4368 0.7352 0.4386 0.7401 0.4380 0.7454 0.4374 0.7474 0.4351 0.7497 0.4345 0.7569 0.4321 0.7641 0.4304 0.7661 0.4275 0.7674 0.4252 0.7694 0.4240 0.7714 0.4292 0.7730 0.4321 0.7733 0.4351 0.7750 0.4386 0.7710 0.4403 0.7645 0.4432 0.7612 0.4496 0.7654 0.4531 0.7753 0.4549 0.7763 0.4624 0.7776 0.4659 0.7766 0.4671 0.7753 0.4665 0.7700 0.4636 0.7664 0.4624 0.7635 0.4601 0.7615 0.4589 0.7585 0.4566 0.7569 0.4537 0.7474 0.4566 0.7451 0.4584 0.7421 0.4624 0.7418 0.4630 0.7382 0.4624 0.7362 0.4601 0.7342 0.4595 0.7326 0.4595 0.7273 0.4584 0.7237 0.4572 0.7224 0.4520 0.7198 0.4490 0.7168 0.4496 0.7125 0.4438 0.7099
1 0.3063 0.6189 0.3017 0.6199 0.2976 0.6225 0.3011 0.6265 0.3017 0.6360 0.3040 0.6386 0.3063 0.6396 0.3075 0.6386 0.3087 0.6357 0.3139 0.6321 0.3162 0.6268 0.3139 0.6206 0.3110 0.6196 0.3069 0.6193
1 0.2959 0.6196 0.2947 0.6199 0.2930 0.6222 0.2912 0.6229 0.2912 0.6314 0.2924 0.6337 0.2930 0.6386 0.2941 0.6399 0.2964 0.6406 0.2982 0.6406 0.2994 0.6399 0.3017 0.6353 0.3023 0.6229 0.3005 0.6206 0.2988 0.6196
1 0.2790 0.6216 0.2772 0.6232 0.2761 0.6261 0.2790 0.6429 0.2831 0.6429 0.2848 0.6422 0.2877 0.6337 0.2900 0.6311 0.2883 0.6271 0.2900 0.6229 0.2877 0.6216 0.2836 0.6222 0.2796 0.6219
1 0.3489 0.5953 0.3425 0.5989 0.3395 0.6035 0.3413 0.6114 0.3442 0.6127 0.3454 0.6143 0.3477 0.6074 0.3494 0.6061 0.3535 0.6048 0.3541 0.6035 0.3547 0.5986 0.3535 0.5963 0.3512 0.5953
1 0.3652 0.5943 0.3634 0.5969 0.3623 0.6012 0.3623 0.6048 0.3640 0.6087 0.3652 0.6094 0.3687 0.6094 0.3704 0.6078 0.3698 0.5963 0.3687 0.5949 0.3658 0.5946
1 0.5591 0.5907 0.5562 0.5917 0.5527 0.5953 0.5521 0.6041 0.5533 0.6058 0.5556 0.6071 0.5579 0.6068 0.5597 0.6058 0.5679 0.6048 0.5684 0.6041 0.5684 0.6018 0.5667 0.5999 0.5684 0.5949 0.5661 0.5943 0.5638 0.5930 0.5632 0.5917 0.5609 0.5907
1 0.5370 0.5877 0.5376 0.5923 0.5352 0.5953 0.5352 0.5966 0.5323 0.5995 0.5364 0.6015 0.5370 0.6035 0.5411 0.6035 0.5446 0.6048 0.5463 0.6035 0.5475 0.5989 0.5469 0.5920 0.5446 0.5890 0.5376 0.5877
0 0.6302 0.5982 0.6273 0.5989 0.6226 0.5986 0.6209 0.5995 0.6191 0.5995 0.6144 0.6028 0.6127 0.6068 0.6133 0.6163 0.6150 0.6176 0.6226 0.6176 0.6261 0.6166 0.6348 0.6166 0.6412 0.6173 0.6447 0.6183 0.6482 0.6179 0.6500 0.6166 0.6500 0.6068 0.6482 0.6048 0.6418 0.6005 0.6377 0.5989 0.6313 0.5982
0 0.6971 0.5989 0.6954 0.6025 0.6919 0.6061 0.6896 0.6074 0.6890 0.6150 0.6931 0.6163 0.6977 0.6166 0.7041 0.6186 0.7169 0.6183 0.7239 0.6189 0.7274 0.6183 0.7362 0.6179 0.7362 0.6110 0.7344 0.6061 0.7321 0.6035 0.7274 0.6012 0.7245 0.6005 0.7204 0.6005 0.7175 0.5995 0.7070 0.5995 0.6989 0.5989
0 0.6651 0.5910 0.6628 0.5917 0.6552 0.5917 0.6523 0.5949 0.6511 0.6038 0.6540 0.6058 0.6564 0.6061 0.6680 0.6055 0.6773 0.6061 0.6808 0.6055 0.6814 0.6048 0.6820 0.5995 0.6791 0.5943 0.6773 0.5933 0.6733 0.5930 0.6698 0.5913 0.6669 0.5910
0 0.6447 0.5890 0.6430 0.5897 0.6372 0.5903 0.6348 0.5917 0.6313 0.5956 0.6342 0.5982 0.6383 0.5969 0.6424 0.6002 0.6459 0.6009 0.6500 0.6002 0.6511 0.5963 0.6517 0.5917 0.6506 0.5903 0.6476 0.5890
0 0.4776 0.5759 0.4700 0.5779 0.4688 0.5795 0.4700 0.5838 0.4782 0.5844 0.4828 0.5841 0.4851 0.5848 0.4863 0.5848 0.4898 0.5821 0.4898 0.5792 0.4857 0.5765 0.4828 0.5759
0 0.7903 0.6206 0.7874 0.6209 0.7828 0.6235 0.7804 0.6278 0.7752 0.6307 0.7740 0.6337 0.7752 0.6393 0.7828 0.6436 0.7892 0.6436 0.7903 0.6429 0.7932 0.6360 0.7950 0.6347 0.7979 0.6353 0.7985 0.6360 0.8008 0.6350 0.8026 0.6350 0.8049 0.6337 0.8078 0.6330 0.8119 0.6304 0.8195 0.6281 0.8200 0.6275 0.8200 0.6268 0.8160 0.6248 0.8142 0.6225 0.7985 0.6222 0.7962 0.6229 0.7944 0.6242 0.7909 0.6209
0 0.7746 0.6124 0.7723 0.6130 0.7670 0.6130 0.7653 0.6137 0.7571 0.6137 0.7484 0.6147 0.7467 0.6170 0.7432 0.6189 0.7426 0.6202 0.7426 0.6311 0.7437 0.6324 0.7513 0.6353 0.7606 0.6353 0.7635 0.6357 0.7670 0.6370 0.7711 0.6367 0.7734 0.6353 0.7752 0.6311 0.7804 0.6268 0.7804 0.6258 0.7833 0.6229 0.7845 0.6193 0.7833 0.6173 0.7833 0.6150 0.7752 0.6124