1 0.4502 0.7040 0.4466 0.7049 0.4462 0.7089 0.4457 0.7096 0.4440 0.7108 0.4423 0.7116 0.4409 0.7128 0.4392 0.7180 0.4370 0.7207 0.4365 0.7222 0.4353 0.7240 0.4353 0.7247 0.4365 0.7256 0.4387 0.7265 0.4411 0.7271 0.4430 0.7285 0.4440 0.7317 0.4435 0.7364 0.4450 0.7404 0.4471 0.7431 0.4483 0.7427 0.4495 0.7418 0.4502 0.7406 0.4500 0.7319 0.4534 0.7278 0.4558 0.7258 0.4567 0.7245 0.4584 0.7207 0.4591 0.7173 0.4589 0.7128 0.4565 0.7116 0.4529 0.7090 0.4536 0.7049 0.4514 0.7040
1 0.4743 0.7112 0.4726 0.7117 0.4697 0.7135 0.4666 0.7148 0.4654 0.7164 0.4642 0.7193 0.4627 0.7206 0.4615 0.7209 0.4596 0.7227 0.4572 0.7281 0.4572 0.7287 0.4587 0.7307 0.4625 0.7335 0.4649 0.7402 0.4654 0.7438 0.4661 0.7451 0.4685 0.7463 0.4704 0.7478 0.4736 0.7485 0.4745 0.7485 0.4769 0.7438 0.4779 0.7395 0.4776 0.7363 0.4767 0.7330 0.4767 0.7317 0.4781 0.7271 0.4817 0.7206 0.4815 0.7168 0.4791 0.7130 0.4784 0.7123 0.4748 0.7112
1 0.6113 0.8048 0.6084 0.8067 0.6070 0.8094 0.6060 0.8102 0.6043 0.8105 0.6050 0.8122 0.6053 0.8145 0.6034 0.8167 0.6012 0.8219 0.6014 0.8233 0.6029 0.8260 0.6043 0.8266 0.6055 0.8275 0.6065 0.8293 0.6067 0.8412 0.6072 0.8424 0.6094 0.8441 0.6113 0.8450 0.6135 0.8433 0.6147 0.8417 0.6166 0.8345 0.6171 0.8291 0.6175 0.8275 0.6190 0.8255 0.6195 0.8228 0.6190 0.8105 0.6166 0.8085 0.6151 0.8062 0.6115 0.8049
1 0.5877 0.7180 0.5870 0.7207 0.5834 0.7215 0.5793 0.7240 0.5776 0.7283 0.5781 0.7363 0.5813 0.7384 0.5841 0.7390 0.5873 0.7402 0.5873 0.7440 0.5868 0.7447 0.5865 0.7480 0.5877 0.7496 0.5882 0.7485 0.5882 0.7463 0.5877 0.7445 0.5880 0.7400 0.5918 0.7373 0.5935 0.7350 0.5974 0.7323 0.5976 0.7307 0.5988 0.7287 0.5976 0.7267 0.5971 0.7244 0.5959 0.7231 0.5916 0.7209 0.5892 0.7207 0.5885 0.7200 0.5877 0.7184
1 0.5995 0.6544 0.5974 0.6562 0.5957 0.6586 0.5923 0.6620 0.5897 0.6674 0.5877 0.6690 0.5853 0.6726 0.5839 0.6737 0.5844 0.6764 0.5863 0.6795 0.5868 0.6811 0.5861 0.6849 0.5868 0.6896 0.5877 0.6921 0.5894 0.6924 0.5940 0.6924 0.5954 0.6921 0.5988 0.6876 0.5993 0.6861 0.6007 0.6852 0.6075 0.6840 0.6087 0.6829 0.6091 0.6818 0.6091 0.6676 0.6099 0.6618 0.6089 0.6580 0.6072 0.6553 0.6036 0.6544
1 0.4392 0.6436 0.4377 0.6445 0.4349 0.6483 0.4322 0.6504 0.4315 0.6521 0.4310 0.6553 0.4310 0.6661 0.4322 0.6699 0.4320 0.6782 0.4332 0.6822 0.4339 0.6833 0.4353 0.6843 0.4358 0.6843 0.4373 0.6834 0.4387 0.6816 0.4394 0.6782 0.4418 0.6746 0.4423 0.6733 0.4423 0.6701 0.4433 0.6683 0.4437 0.6659 0.4462 0.6620 0.4459 0.6566 0.4452 0.6551 0.4437 0.6542 0.4445 0.6512 0.4442 0.6461 0.4428 0.6447 0.4399 0.6436
1 0.4575 0.6402 0.4550 0.6407 0.4531 0.6423 0.4522 0.6440 0.4500 0.6463 0.4495 0.6477 0.4464 0.6521 0.4457 0.6539 0.4464 0.6562 0.4476 0.6580 0.4493 0.6690 0.4510 0.6730 0.4524 0.6750 0.4534 0.6804 0.4543 0.6831 0.4550 0.6840 0.4562 0.6834 0.4587 0.6831 0.4596 0.6814 0.4596 0.6805 0.4623 0.6721 0.4644 0.6672 0.4647 0.6654 0.4642 0.6614 0.4649 0.6580 0.4661 0.6560 0.4678 0.6542 0.4680 0.6528 0.4680 0.6503 0.4666 0.6476 0.4639 0.6449 0.4627 0.6425 0.4591 0.6402
1 0.3885 0.2821 0.3873 0.2836 0.3861 0.2868 0.3846 0.2883 0.3832 0.2904 0.3817 0.2971 0.3817 0.3110 0.3832 0.3133 0.3849 0.3144 0.3863 0.3182 0.3885 0.3196 0.3894 0.3193 0.3909 0.3182 0.3911 0.3176 0.3928 0.3128 0.3930 0.3101 0.3942 0.3050 0.3950 0.3038 0.3964 0.3025 0.3974 0.2994 0.3974 0.2946 0.3964 0.2913 0.3925 0.2874 0.3916 0.2850 0.3904 0.2832 0.3887 0.2821
1 0.3728 0.2861 0.3712 0.2899 0.3690 0.2922 0.3678 0.2948 0.3668 0.3027 0.3685 0.3097 0.3690 0.3146 0.3695 0.3153 0.3719 0.3171 0.3736 0.3176 0.3772 0.3176 0.3793 0.3162 0.3803 0.3146 0.3808 0.3101 0.3808 0.3050 0.3803 0.3027 0.3815 0.2989 0.3810 0.2944 0.3784 0.2906 0.3774 0.2870 0.3767 0.2865 0.3740 0.2861
1 0.3844 0.2387 0.3817 0.2392 0.3805 0.2398 0.3796 0.2418 0.3769 0.2454 0.3760 0.2508 0.3755 0.2517 0.3750 0.2558 0.3764 0.2616 0.3772 0.2630 0.3779 0.2636 0.3779 0.2665 0.3784 0.2684 0.3800 0.2701 0.3825 0.2713 0.3846 0.2760 0.3875 0.2765 0.3885 0.2765 0.3889 0.2756 0.3885 0.2715 0.3889 0.2674 0.3885 0.2654 0.3875 0.2641 0.3875 0.2632 0.3897 0.2598 0.3923 0.2580 0.3933 0.2562 0.3933 0.2547 0.3918 0.2482 0.3889 0.2445 0.3870 0.2401 0.3846 0.2387
1 0.3377 0.2468 0.3353 0.2482 0.3322 0.2526 0.3310 0.2549 0.3300 0.2589 0.3300 0.2607 0.3308 0.2641 0.3312 0.2764 0.3317 0.2791 0.3334 0.2832 0.3341 0.2838 0.3370 0.2843 0.3377 0.2843 0.3389 0.2832 0.3406 0.2793 0.3433 0.2674 0.3447 0.2639 0.3450 0.2623 0.3450 0.2589 0.3438 0.2535 0.3418 0.2486 0.3411 0.2479 0.3380 0.2468
1 0.3572 0.2473 0.3563 0.2481 0.3553 0.2499 0.3526 0.2517 0.3512 0.2531 0.3495 0.2558 0.3478 0.2598 0.3481 0.2636 0.3495 0.2661 0.3510 0.2706 0.3512 0.2755 0.3534 0.2785 0.3570 0.2778 0.3591 0.2764 0.3611 0.2731 0.3623 0.2686 0.3637 0.2659 0.3654 0.2646 0.3680 0.2636 0.3680 0.2598 0.3666 0.2547 0.3651 0.2526 0.3639 0.2522 0.3625 0.2511 0.3618 0.2499 0.3613 0.2479 0.3584 0.2473
1 0.6228 0.6515 0.6192 0.6522 0.6188 0.6526 0.6171 0.6562 0.6156 0.6575 0.6137 0.6586 0.6123 0.6600 0.6108 0.6623 0.6099 0.6659 0.6096 0.6690 0.6108 0.6737 0.6108 0.6780 0.6113 0.6796 0.6144 0.6786 0.6151 0.6786 0.6159 0.6793 0.6180 0.6858 0.6188 0.6933 0.6216 0.6953 0.6228 0.6979 0.6233 0.6971 0.6233 0.6887 0.6238 0.6860 0.6236 0.6804 0.6240 0.6778 0.6262 0.6748 0.6286 0.6735 0.6293 0.6723 0.6298 0.6703 0.6298 0.6632 0.6293 0.6609 0.6284 0.6589 0.6257 0.6555 0.6252 0.6540 0.6231 0.6517
1 0.4587 0.2975 0.4565 0.2987 0.4536 0.3045 0.4519 0.3059 0.4502 0.3067 0.4495 0.3083 0.4471 0.3101 0.4471 0.3112 0.4493 0.3130 0.4502 0.3149 0.4512 0.3202 0.4514 0.3263 0.4529 0.3285 0.4558 0.3317 0.4589 0.3342 0.4615 0.3339 0.4627 0.3333 0.4630 0.3319 0.4649 0.3277 0.4663 0.3193 0.4675 0.3176 0.4685 0.3144 0.4680 0.3121 0.4666 0.3085 0.4663 0.3065 0.4651 0.3043 0.4635 0.2991 0.4627 0.2984 0.4596 0.2975
1 0.2752 0.8980 0.2709 0.8992 0.2697 0.9003 0.2690 0.9043 0.2654 0.9079 0.2651 0.9090 0.2651 0.9129 0.2656 0.9162 0.2685 0.9230 0.2695 0.9270 0.2700 0.9320 0.2709 0.9342 0.2721 0.9355 0.2728 0.9394 0.2743 0.9405 0.2757 0.9410 0.2793 0.9407 0.2808 0.9389 0.2822 0.9356 0.2822 0.9275 0.2832 0.9255 0.2834 0.9236 0.2846 0.9210 0.2863 0.9198 0.2877 0.9162 0.2880 0.9120 0.2870 0.9077 0.2817 0.9057 0.2791 0.9041 0.2779 0.9005 0.2755 0.8981
1 0.2512 0.9064 0.2474 0.9072 0.2452 0.9081 0.2437 0.9093 0.2401 0.9104 0.2358 0.9160 0.2385 0.9210 0.2406 0.9288 0.2416 0.9304 0.2428 0.9315 0.2447 0.9416 0.2457 0.9432 0.2478 0.9443 0.2519 0.9421 0.2526 0.9407 0.2541 0.9392 0.2536 0.9358 0.2541 0.9331 0.2546 0.9315 0.2560 0.9299 0.2572 0.9273 0.2582 0.9237 0.2584 0.9210 0.2596 0.9169 0.2596 0.9156 0.2567 0.9115 0.2546 0.9091 0.2541 0.9081 0.2519 0.9064
1 0.6228 0.7568 0.6204 0.7597 0.6209 0.7637 0.6178 0.7667 0.6151 0.7712 0.6147 0.7802 0.6139 0.7817 0.6130 0.7824 0.6111 0.7831 0.6108 0.7873 0.6113 0.7884 0.6118 0.7884 0.6132 0.7894 0.6137 0.7911 0.6149 0.7927 0.6171 0.7936 0.6188 0.7950 0.6192 0.7950 0.6202 0.7934 0.6228 0.7907 0.6240 0.7925 0.6255 0.7983 0.6269 0.8001 0.6286 0.8003 0.6305 0.8003 0.6312 0.7992 0.6312 0.7945 0.6308 0.7914 0.6296 0.7896 0.6286 0.7871 0.6291 0.7831 0.6300 0.7815 0.6308 0.7810 0.6322 0.7815 0.6341 0.7831 0.6363 0.7831 0.6373 0.7810 0.6375 0.7772 0.6380 0.7754 0.6361 0.7741 0.6353 0.7732 0.6344 0.7707 0.6339 0.7673 0.6317 0.7649 0.6291 0.7637 0.6284 0.7628 0.6279 0.7597 0.6269 0.7582 0.6231 0.7568
1 0.5798 0.7390 0.5762 0.7409 0.5748 0.7449 0.5721 0.7482 0.5714 0.7509 0.5704 0.7523 0.5683 0.7539 0.5666 0.7557 0.5671 0.7595 0.5697 0.7620 0.5707 0.7635 0.5704 0.7676 0.5721 0.7745 0.5728 0.7756 0.5738 0.7790 0.5760 0.7810 0.5800 0.7815 0.5808 0.7802 0.5813 0.7790 0.5813 0.7743 0.5808 0.7716 0.5810 0.7676 0.5817 0.7660 0.5832 0.7642 0.5839 0.7637 0.5861 0.7635 0.5865 0.7595 0.5877 0.7588 0.5892 0.7590 0.5899 0.7597 0.5904 0.7613 0.5916 0.7620 0.5923 0.7601 0.5923 0.7595 0.5916 0.7586 0.5906 0.7584 0.5901 0.7579 0.5899 0.7555 0.5877 0.7507 0.5856 0.7480 0.5844 0.7438 0.5810 0.7408 0.5800 0.7391
1 0.3101 0.7820 0.3067 0.7824 0.3053 0.7829 0.3046 0.7838 0.3036 0.7880 0.3022 0.7907 0.3026 0.7936 0.3034 0.7950 0.3017 0.7986 0.3019 0.8062 0.3038 0.8103 0.3038 0.8147 0.3046 0.8186 0.3053 0.8199 0.3065 0.8210 0.3079 0.8213 0.3101 0.8226 0.3106 0.8222 0.3106 0.8174 0.3113 0.8145 0.3123 0.8132 0.3147 0.8120 0.3166 0.8103 0.3183 0.8048 0.3197 0.8037 0.3221 0.8033 0.3236 0.8026 0.3250 0.7995 0.3248 0.7981 0.3204 0.7932 0.3183 0.7884 0.3151 0.7864 0.3127 0.7829 0.3106 0.7820
1 0.2909 0.7936 0.2882 0.7945 0.2875 0.7950 0.2851 0.7990 0.2832 0.8008 0.2822 0.8044 0.2808 0.8066 0.2803 0.8082 0.2791 0.8102 0.2793 0.8118 0.2808 0.8134 0.2820 0.8143 0.2829 0.8145 0.2851 0.8161 0.2863 0.8179 0.2868 0.8206 0.2870 0.8273 0.2885 0.8282 0.2909 0.8286 0.2952 0.8257 0.2986 0.8244 0.3007 0.8226 0.3019 0.8221 0.3019 0.8183 0.3000 0.8107 0.2998 0.8022 0.2990 0.8012 0.2962 0.7988 0.2952 0.7974 0.2942 0.7948 0.2928 0.7941 0.2911 0.7938
1 0.2478 0.6923 0.2440 0.6933 0.2437 0.6977 0.2428 0.6991 0.2399 0.7007 0.2385 0.7065 0.2370 0.7089 0.2380 0.7107 0.2385 0.7130 0.2401 0.7155 0.2418 0.7162 0.2428 0.7170 0.2433 0.7179 0.2437 0.7198 0.2437 0.7254 0.2442 0.7272 0.2452 0.7271 0.2459 0.7265 0.2466 0.7238 0.2478 0.7226 0.2500 0.7233 0.2517 0.7235 0.2526 0.7220 0.2536 0.7213 0.2555 0.7206 0.2550 0.7164 0.2558 0.7155 0.2572 0.7107 0.2582 0.7094 0.2591 0.7089 0.2594 0.7070 0.2594 0.7047 0.2582 0.7011 0.2565 0.6989 0.2558 0.6971 0.2546 0.6968 0.2529 0.6957 0.2517 0.6932 0.2481 0.6923
1 0.2829 0.6631 0.2815 0.6638 0.2791 0.6643 0.2781 0.6652 0.2767 0.6686 0.2743 0.6721 0.2726 0.6737 0.2712 0.6777 0.2714 0.6861 0.2736 0.6894 0.2736 0.6935 0.2716 0.6971 0.2714 0.7013 0.2745 0.7020 0.2791 0.7020 0.2825 0.7034 0.2832 0.7034 0.2841 0.7013 0.2844 0.6955 0.2856 0.6914 0.2868 0.6887 0.2882 0.6876 0.2906 0.6867 0.2921 0.6856 0.2928 0.6822 0.2928 0.6769 0.2916 0.6739 0.2901 0.6721 0.2868 0.6697 0.2858 0.6659 0.2832 0.6631
1 0.4901 0.1579 0.4882 0.1601 0.4846 0.1632 0.4834 0.1660 0.4834 0.1700 0.4849 0.1734 0.4853 0.1760 0.4851 0.1824 0.4863 0.1859 0.4882 0.1853 0.4901 0.1841 0.4918 0.1839 0.4930 0.1833 0.4935 0.1812 0.4950 0.1799 0.4952 0.1774 0.4974 0.1731 0.4978 0.1696 0.4986 0.1675 0.4986 0.1653 0.4969 0.1624 0.4952 0.1612 0.4940 0.1597 0.4904 0.1581
1 0.6108 0.3167 0.6082 0.3182 0.6058 0.3220 0.6031 0.3245 0.6022 0.3259 0.6010 0.3295 0.6007 0.3339 0.6002 0.3359 0.5995 0.3371 0.5995 0.3400 0.6014 0.3445 0.6019 0.3501 0.6026 0.3528 0.6034 0.3539 0.6067 0.3535 0.6075 0.3532 0.6106 0.3496 0.6118 0.3472 0.6135 0.3456 0.6137 0.3418 0.6156 0.3371 0.6178 0.3339 0.6190 0.3299 0.6185 0.3261 0.6161 0.3225 0.6147 0.3187 0.6135 0.3176 0.6115 0.3167
1 0.7010 0.8082 0.6971 0.8094 0.6959 0.8105 0.6901 0.8181 0.6887 0.8221 0.6892 0.8235 0.6913 0.8266 0.6923 0.8300 0.6928 0.8376 0.6925 0.8444 0.6930 0.8495 0.6933 0.8498 0.6964 0.8507 0.6971 0.8507 0.6981 0.8500 0.6993 0.8475 0.7022 0.8338 0.7038 0.8313 0.7050 0.8302 0.7094 0.8300 0.7113 0.8264 0.7096 0.8190 0.7101 0.8143 0.7091 0.8123 0.7070 0.8105 0.7031 0.8087 0.7012 0.8082
1 0.7192 0.6941 0.7166 0.6944 0.7147 0.6975 0.7147 0.6989 0.7139 0.7011 0.7125 0.7024 0.7106 0.7049 0.7094 0.7087 0.7089 0.7114 0.7089 0.7166 0.7082 0.7215 0.7079 0.7326 0.7089 0.7350 0.7099 0.7323 0.7115 0.7308 0.7166 0.7308 0.7175 0.7321 0.7178 0.7335 0.7188 0.7352 0.7204 0.7363 0.7214 0.7352 0.7224 0.7323 0.7228 0.7294 0.7226 0.7242 0.7240 0.7171 0.7274 0.7125 0.7284 0.7099 0.7288 0.7060 0.7284 0.7009 0.7262 0.7002 0.7243 0.6991 0.7207 0.6941
1 0.8334 0.8644 0.8300 0.8652 0.8286 0.8666 0.8250 0.8682 0.8219 0.8704 0.8204 0.8724 0.8163 0.8808 0.8096 0.8879 0.8084 0.8900 0.8077 0.8924 0.8089 0.8949 0.8106 0.8972 0.8147 0.8980 0.8183 0.8965 0.8231 0.8990 0.8245 0.9003 0.8260 0.9008 0.8264 0.9005 0.8267 0.8994 0.8269 0.8962 0.8279 0.8949 0.8300 0.8935 0.8339 0.8880 0.8356 0.8825 0.8377 0.8780 0.8382 0.8761 0.8385 0.8716 0.8377 0.8680 0.8356 0.8652 0.8339 0.8644
1 0.8611 0.8637 0.8591 0.8644 0.8572 0.8664 0.8550 0.8680 0.8534 0.8686 0.8524 0.8693 0.8495 0.8729 0.8483 0.8761 0.8469 0.8828 0.8452 0.8859 0.8445 0.8891 0.8433 0.8920 0.8430 0.8945 0.8433 0.8972 0.8450 0.9001 0.8457 0.9007 0.8498 0.9008 0.8517 0.9025 0.8531 0.9046 0.8572 0.9066 0.8584 0.9055 0.8591 0.9043 0.8594 0.8924 0.8599 0.8909 0.8613 0.8889 0.8651 0.8861 0.8673 0.8857 0.8690 0.8850 0.8709 0.8823 0.8724 0.8772 0.8719 0.8733 0.8702 0.8698 0.8678 0.8675 0.8663 0.8650 0.8651 0.8641 0.8623 0.8637
1 0.8913 0.8716 0.8887 0.8724 0.8877 0.8731 0.8865 0.8747 0.8846 0.8761 0.8820 0.8790 0.8791 0.8839 0.8774 0.8889 0.8733 0.8926 0.8724 0.8956 0.8724 0.8976 0.8731 0.9010 0.8774 0.9043 0.8805 0.9059 0.8817 0.9070 0.8825 0.9082 0.8846 0.9097 0.8868 0.9091 0.8885 0.9081 0.8885 0.9043 0.8918 0.8981 0.8942 0.8958 0.8964 0.8949 0.8978 0.8924 0.8986 0.8848 0.8983 0.8805 0.8966 0.8771 0.8954 0.8729 0.8928 0.8716
1 0.7495 0.6989 0.7478 0.6993 0.7466 0.7009 0.7462 0.7031 0.7454 0.7042 0.7442 0.7051 0.7435 0.7065 0.7425 0.7103 0.7413 0.7126 0.7413 0.7175 0.7409 0.7211 0.7421 0.7285 0.7442 0.7303 0.7459 0.7307 0.7474 0.7317 0.7476 0.7323 0.7517 0.7350 0.7524 0.7346 0.7529 0.7339 0.7534 0.7323 0.7538 0.7285 0.7536 0.7244 0.7548 0.7213 0.7553 0.7189 0.7567 0.7164 0.7572 0.7146 0.7584 0.7130 0.7579 0.7096 0.7565 0.7069 0.7550 0.7015 0.7541 0.7002 0.7522 0.6989
1 0.7050 0.5823 0.7024 0.5855 0.7005 0.5873 0.6990 0.5899 0.6966 0.5919 0.6952 0.5940 0.6930 0.5956 0.6937 0.5969 0.6942 0.5998 0.6930 0.6032 0.6928 0.6065 0.6923 0.6079 0.6897 0.6111 0.6899 0.6151 0.6913 0.6165 0.6933 0.6202 0.6964 0.6234 0.6998 0.6239 0.7010 0.6245 0.7022 0.6232 0.7043 0.6218 0.7058 0.6216 0.7089 0.6221 0.7099 0.6209 0.7106 0.6189 0.7115 0.6110 0.7130 0.6070 0.7135 0.6030 0.7144 0.6005 0.7151 0.5996 0.7154 0.5978 0.7154 0.5951 0.7144 0.5931 0.7130 0.5877 0.7087 0.5825 0.7053 0.5823
1 0.7284 0.5852 0.7240 0.5881 0.7228 0.5895 0.7200 0.5919 0.7183 0.5956 0.7180 0.5980 0.7180 0.6000 0.7209 0.6070 0.7216 0.6102 0.7216 0.6124 0.7209 0.6151 0.7214 0.6185 0.7245 0.6227 0.7281 0.6234 0.7298 0.6225 0.7317 0.6194 0.7327 0.6158 0.7332 0.6092 0.7356 0.6019 0.7363 0.6007 0.7368 0.5964 0.7361 0.5926 0.7356 0.5919 0.7337 0.5906 0.7322 0.5872 0.7286 0.5852
1 0.7909 0.5758 0.7889 0.5783 0.7875 0.5812 0.7856 0.5830 0.7844 0.5852 0.7834 0.5884 0.7834 0.5920 0.7825 0.5985 0.7827 0.6041 0.7837 0.6070 0.7868 0.6106 0.7875 0.6111 0.7901 0.6119 0.7911 0.6119 0.7918 0.6113 0.7933 0.6074 0.7937 0.6039 0.7945 0.6021 0.7959 0.6014 0.7986 0.6009 0.7995 0.5998 0.7983 0.5933 0.7981 0.5837 0.7969 0.5819 0.7964 0.5801 0.7947 0.5771 0.7911 0.5758
1 0.8103 0.5753 0.8084 0.5762 0.8055 0.5801 0.8017 0.5836 0.8010 0.5873 0.8012 0.5964 0.8026 0.6018 0.8026 0.6032 0.8048 0.6088 0.8065 0.6111 0.8077 0.6097 0.8087 0.6068 0.8103 0.6043 0.8147 0.6039 0.8183 0.6050 0.8195 0.6036 0.8197 0.6021 0.8204 0.6009 0.8221 0.6000 0.8221 0.5985 0.8214 0.5974 0.8212 0.5955 0.8204 0.5947 0.8197 0.5926 0.8190 0.5836 0.8183 0.5823 0.8166 0.5812 0.8154 0.5798 0.8144 0.5760 0.8106 0.5753
1 0.6425 0.3375 0.6382 0.3409 0.6346 0.3422 0.6308 0.3454 0.6320 0.3508 0.6332 0.3537 0.6344 0.3600 0.6349 0.3658 0.6341 0.3690 0.6349 0.3719 0.6368 0.3728 0.6394 0.3732 0.6425 0.3746 0.6433 0.3743 0.6447 0.3725 0.6466 0.3692 0.6459 0.3643 0.6462 0.3584 0.6476 0.3553 0.6490 0.3533 0.6500 0.3490 0.6495 0.3458 0.6481 0.3443 0.6466 0.3416 0.6435 0.3382
1 0.6760 0.3443 0.6738 0.3445 0.6726 0.3454 0.6700 0.3496 0.6700 0.3551 0.6704 0.3580 0.6704 0.3624 0.6709 0.3647 0.6709 0.3734 0.6719 0.3748 0.6733 0.3755 0.6743 0.3753 0.6776 0.3735 0.6815 0.3735 0.6817 0.3732 0.6817 0.3649 0.6829 0.3611 0.6863 0.3551 0.6865 0.3535 0.6853 0.3487 0.6813 0.3449 0.6788 0.3443
1 0.5760 0.2118 0.5748 0.2124 0.5724 0.2144 0.5709 0.2172 0.5683 0.2205 0.5678 0.2246 0.5668 0.2279 0.5671 0.2365 0.5680 0.2387 0.5702 0.2410 0.5721 0.2423 0.5745 0.2427 0.5760 0.2434 0.5786 0.2401 0.5793 0.2353 0.5813 0.2326 0.5805 0.2293 0.5803 0.2234 0.5798 0.2208 0.5803 0.2181 0.5810 0.2167 0.5798 0.2158 0.5784 0.2131 0.5762 0.2118
1 0.4740 0.0896 0.4709 0.0912 0.4695 0.0941 0.4671 0.0966 0.4663 0.0981 0.4651 0.1029 0.4651 0.1074 0.4673 0.1116 0.4678 0.1145 0.4678 0.1190 0.4707 0.1215 0.4728 0.1208 0.4745 0.1206 0.4752 0.1195 0.4752 0.1152 0.4776 0.1112 0.4776 0.1103 0.4788 0.1076 0.4774 0.1031 0.4781 0.1017 0.4796 0.1010 0.4803 0.0999 0.4803 0.0977 0.4798 0.0957 0.4784 0.0954 0.4774 0.0945 0.4762 0.0916 0.4745 0.0896
1 0.3334 0.0999 0.3288 0.1013 0.3274 0.1022 0.3248 0.1058 0.3238 0.1101 0.3238 0.1120 0.3245 0.1152 0.3257 0.1166 0.3264 0.1183 0.3276 0.1231 0.3293 0.1273 0.3300 0.1282 0.3327 0.1285 0.3339 0.1285 0.3351 0.1276 0.3373 0.1233 0.3399 0.1083 0.3399 0.1071 0.3377 0.1031 0.3341 0.0999
1 0.3572 0.0961 0.3555 0.0981 0.3548 0.0995 0.3522 0.1019 0.3512 0.1033 0.3502 0.1083 0.3495 0.1103 0.3495 0.1118 0.3519 0.1152 0.3524 0.1168 0.3529 0.1188 0.3529 0.1229 0.3536 0.1237 0.3572 0.1253 0.3611 0.1249 0.3618 0.1240 0.3632 0.1199 0.3637 0.1172 0.3651 0.1147 0.3663 0.1101 0.3663 0.1067 0.3651 0.1020 0.3639 0.1010 0.3613 0.0970 0.3579 0.0961
1 0.9118 0.5574 0.9089 0.5587 0.9067 0.5607 0.9038 0.5617 0.9014 0.5635 0.8995 0.5659 0.8969 0.5718 0.8962 0.5771 0.8945 0.5801 0.8938 0.5823 0.8923 0.5837 0.8925 0.5846 0.8940 0.5863 0.8945 0.5879 0.8952 0.5888 0.8962 0.5895 0.8990 0.5904 0.9005 0.5913 0.9043 0.5960 0.9079 0.5960 0.9101 0.5933 0.9120 0.5917 0.9159 0.5919 0.9163 0.5913 0.9173 0.5877 0.9173 0.5845 0.9190 0.5726 0.9190 0.5682 0.9185 0.5648 0.9161 0.5608 0.9144 0.5590 0.9120 0.5574