0 0.462037037037037 0.9180555555555555 0.45 0.9236111111111112 0.44537037037037036 0.95 0.4444444444444444 0.9708333333333333 0.44166666666666665 0.9777777777777777 0.4388888888888889 0.9777777777777777 0.4388888888888889 0.9819444444444444 0.44351851851851853 0.9847222222222223 0.4462962962962963 0.9986111111111111 0.5101851851851852 0.9986111111111111 0.5120370370370371 0.9875 0.5194444444444445 0.9819444444444444 0.5203703703703704 0.9777777777777777 0.5166666666666667 0.9736111111111111 0.5138888888888888 0.9777777777777777 0.5148148148148148 0.9833333333333333 0.5120370370370371 0.9833333333333333 0.5092592592592593 0.9583333333333334 0.5074074074074074 0.9541666666666667 0.5083333333333333 0.95 0.5018518518518519 0.9236111111111112 0.49722222222222223 0.9194444444444444 0.49074074074074076 0.9180555555555555
0 0.4083333333333333 0.8013888888888889 0.40370370370370373 0.8027777777777778 0.3990740740740741 0.8097222222222222 0.39537037037037037 0.8597222222222223 0.39537037037037037 0.8875 0.4009259259259259 0.8888888888888888 0.40185185185185185 0.8875 0.39814814814814814 0.8847222222222222 0.4 0.8819444444444444 0.4046296296296296 0.8805555555555555 0.425 0.8805555555555555 0.4351851851851852 0.8777777777777778 0.4388888888888889 0.8833333333333333 0.4388888888888889 0.8902777777777777 0.44166666666666665 0.8694444444444445 0.44074074074074077 0.8333333333333334 0.4425925925925926 0.8291666666666667 0.43796296296296294 0.8069444444444445 0.4324074074074074 0.8013888888888889
0 0.45 0.7513888888888889 0.4462962962962963 0.7583333333333333 0.4388888888888889 0.7583333333333333 0.4351851851851852 0.7625 0.43148148148148147 0.775 0.43148148148148147 0.7875 0.43333333333333335 0.7902777777777777 0.43333333333333335 0.7944444444444444 0.4425925925925926 0.8111111111111111 0.44814814814814813 0.8111111111111111 0.4546296296296296 0.8027777777777778 0.46574074074074073 0.8013888888888889 0.4685185185185185 0.8069444444444445 0.46944444444444444 0.8166666666666667 0.47129629629629627 0.8166666666666667 0.4722222222222222 0.8138888888888889 0.47129629629629627 0.8 0.47314814814814815 0.7902777777777777 0.47129629629629627 0.7736111111111111 0.4685185185185185 0.7694444444444445 0.46574074074074073 0.7583333333333333 0.45555555555555555 0.7569444444444444 0.45092592592592595 0.7513888888888889
0 0.49537037037037035 0.6375 0.4935185185185185 0.6388888888888888 0.4925925925925926 0.6666666666666666 0.49722222222222223 0.6631258655090277 0.5037037037037037 0.6666666666666666 0.5092592592592593 0.6680555555555555 0.5111111111111111 0.65 0.5101851851851852 0.6416666666666667 0.5055555555555555 0.6375
0 0.5185185185185185 0.6277777777777778 0.5148148148148148 0.6291666666666667 0.5120370370370371 0.6347222222222222 0.512962962962963 0.6458333333333334 0.5166666666666667 0.6527777777777778 0.5222222222222223 0.6513888888888889 0.5259259259259259 0.6458333333333334 0.525 0.6319444444444444 0.5222222222222223 0.6277777777777778
0 0.47314814814814815 0.6013888888888889 0.46944444444444444 0.6027777777777777 0.4666666666666667 0.6069444444444444 0.46634749625564814 0.6205914675197223 0.47314814814814815 0.625 0.4777777777777778 0.625 0.4787037037037037 0.6111111111111112 0.4777777777777778 0.6055555555555555 0.475 0.6013888888888889
0 0.5092592592592593 0.575 0.5037037037037037 0.5763888888888888 0.5027777777777778 0.5791666666666667 0.5037037037037037 0.5875 0.5083333333333333 0.5875 0.5101851851851852 0.5791666666666667 0.5092592592592593 0.5777777777777777
0 0.5046296296296297 0.5736111111111111 0.5018518518518519 0.5777777777777777 0.5046296296296297 0.5875 0.5064814814814815 0.5875 0.5083333333333333 0.5763888888888888 0.5055555555555555 0.5736111111111111
0 0.38438720999879633 0.9381124210123611 0.38396510713027776 0.9659523346658334 0.3852314157359259 0.9836686433544445 0.38818613581564815 0.9703814118380556 0.3890303415526852 0.945705124736111
0 0.49722222222222223 0.7305555555555555 0.4898148148148148 0.7472222222222222 0.49166666666666664 0.7527777777777778 0.49166666666666664 0.7722222222222223 0.4962962962962963 0.7861111111111111 0.5 0.7861111111111111 0.5027777777777778 0.7819444444444444 0.5027777777777778 0.7444444444444445 0.4981481481481482 0.7305555555555555
0 0.5518518518518518 0.7194444444444444 0.5481481481481482 0.7263888888888889 0.5462962962962963 0.7361111111111112 0.5462962962962963 0.7708333333333334 0.5481481481481482 0.775 0.5527777777777778 0.775 0.5564814814814815 0.7666666666666667 0.5564814814814815 0.7527777777777778 0.5583333333333333 0.7472222222222222 0.5574074074074075 0.7305555555555555 0.5527777777777778 0.7194444444444444
1 0.5990740740740741 0.9069444444444444 0.5962962962962963 0.9222222222222223 0.5907407407407408 0.9347222222222222 0.5935185185185186 0.9388888888888889 0.587037037037037 0.9958333333333333 0.5888888888888889 0.9986111111111111 0.5935185185185186 0.9986111111111111 0.5953703703703703 0.9944444444444445 0.5981481481481481 0.9986111111111111 0.6 0.9986111111111111 0.6027777777777777 0.9930555555555556 0.6055555555555555 0.9805555555555555 0.6037037037037037 0.9513888888888888 0.6074074074074074 0.9402777777777778 0.6074074074074074 0.9305555555555556 0.6027777777777777 0.9222222222222223 0.6027777777777777 0.9111111111111111 0.6 0.9083333333333333
1 0.49722222222222223 0.6583333333333333 0.49537037037037035 0.6611111111111111 0.49444444444444446 0.6694444444444444 0.49722222222222223 0.675 0.49444444444444446 0.6847222222222222 0.4962962962962963 0.6861111111111111 0.5018518518518519 0.6847222222222222 0.5009259259259259 0.6611111111111111 0.4981481481481482 0.6583333333333333
1 0.4425925925925926 0.6902777777777778 0.4398148148148148 0.6944444444444444 0.43796296296296294 0.7041666666666667 0.44074074074074077 0.7291666666666666 0.4425925925925926 0.7319444444444444 0.4444444444444444 0.7291666666666666 0.4462962962962963 0.7166666666666667 0.4462962962962963 0.7 0.44351851851851853 0.6916666666666667
1 0.5287037037037037 0.6638888888888889 0.525 0.6694444444444444 0.525 0.6819444444444445 0.5212962962962963 0.6972222222222222 0.5259259259259259 0.6944444444444444 0.5287037037037037 0.6888888888888889 0.5324074074074074 0.6916666666666667 0.5305555555555556 0.6666666666666666
1 0.5675925925925925 0.6888888888888889 0.5648148148148148 0.6986111111111111 0.562962962962963 0.7208333333333333 0.5657407407407408 0.7263888888888889 0.5675925925925925 0.7402777777777778 0.5712962962962963 0.7402777777777778 0.5740740740740741 0.7236111111111111 0.5740740740740741 0.7083333333333334 0.5675925925925925 0.6902777777777778
1 0.5314814814814814 0.6972222222222222 0.5277777777777778 0.7138888888888889 0.5277777777777778 0.7236111111111111 0.5287037037037037 0.7361111111111112 0.5324074074074074 0.7430555555555556 0.5361111111111111 0.7361111111111112 0.5342592592592592 0.7319444444444444 0.5370370370370371 0.7222222222222222 0.5370370370370371 0.7111111111111111 0.5351851851851852 0.7083333333333334 0.5333333333333333 0.6972222222222222
