1 0.9 0.6138888888888889 0.8972222222222223 0.6180555555555556 0.8944444444444445 0.6347222222222222 0.8851851851851852 0.6625 0.8870370370370371 0.7069444444444445 0.8935185185185185 0.7291666666666666 0.8944444444444445 0.7694444444444445 0.9018518518518519 0.7694444444444445 0.9018518518518519 0.7402777777777778 0.9037037037037037 0.7319444444444444 0.912962962962963 0.7541666666666667 0.9148148148148149 0.7736111111111111 0.9194444444444444 0.7708333333333334 0.9203703703703704 0.7625 0.9185185185185185 0.7416666666666667 0.9157407407407407 0.7319444444444444 0.9166666666666666 0.7 0.9185185185185185 0.6930555555555555 0.9166666666666666 0.6777777777777778 0.9175925925925926 0.6541666666666667 0.9157407407407407 0.6444444444444445 0.9138888888888889 0.6416666666666667 0.9120370370370371 0.6263888888888889 0.9092592592592592 0.6194444444444445 0.9037037037037037 0.6138888888888889
1 0.6537037037037037 0.6055555555555555 0.6453703703703704 0.6263888888888889 0.6509259259259259 0.65 0.649074074074074 0.6583333333333333 0.649074074074074 0.6625 0.6509259259259259 0.6652777777777777 0.65 0.6694444444444444 0.6537037037037037 0.6722222222222223 0.6611111111111111 0.6708333333333333 0.6620370370370371 0.6388888888888888 0.6648148148148149 0.6305555555555555 0.6638888888888889 0.6222222222222222 0.6583333333333333 0.6111111111111112 0.6574074074074074 0.6055555555555555
1 0.6444444444444445 0.6097222222222223 0.6425925925925926 0.6111111111111112 0.6416666666666667 0.6222222222222222 0.6416666666666667 0.6472222222222223 0.6425925925925926 0.6527777777777778 0.6453703703703704 0.6555555555555556 0.65 0.6541666666666667 0.649074074074074 0.6486111111111111 0.6509259259259259 0.6458333333333334 0.6472222222222223 0.6347222222222222 0.6472222222222223 0.6222222222222222 0.65 0.6152777777777778 0.65 0.6097222222222223
1 0.5675925925925925 0.6097222222222223 0.5638888888888889 0.6138888888888889 0.562037037037037 0.6319444444444444 0.5657407407407408 0.6472222222222223 0.5703703703703704 0.6458333333333334 0.5731481481481482 0.6277777777777778 0.5731481481481482 0.6180555555555556 0.5712962962962963 0.6125 0.5685185185185185 0.6097222222222223
1 0.5518518518518518 0.6055555555555555 0.549074074074074 0.6097222222222223 0.5472222222222223 0.6180555555555556 0.549074074074074 0.6458333333333334 0.5527777777777778 0.6472222222222223 0.5537037037037037 0.6416666666666667 0.5546296296296296 0.6125 0.5527777777777778 0.6069444444444444
1 0.5398148148148149 0.6083333333333333 0.5370370370370371 0.6097222222222223 0.5361111111111111 0.6166666666666667 0.5361111111111111 0.6375 0.5398148148148149 0.6472222222222223 0.5416666666666666 0.6458333333333334 0.5435185185185185 0.6194444444444445 0.5416666666666666 0.6083333333333333
1 0.5675925925925925 0.5944444444444444 0.5638888888888889 0.6027777777777777 0.5638888888888889 0.6111111111111112 0.5722222222222222 0.6097222222222223 0.5712962962962963 0.5986111111111111 0.5685185185185185 0.5944444444444444
0 0.003703703703703704 0.6152777777777778 0.0 0.6166666666666667 0.0 0.6819444444444445 0.002777777777777778 0.6847222222222222 0.0 0.6861111111111111 0.0 0.7277777777777777 0.012962962962962963 0.7194444444444444 0.019444444444444445 0.7208333333333333 0.028703703703703703 0.7027777777777777 0.037037037037037035 0.7041666666666667 0.04259259259259259 0.7125 0.05648148148148148 0.7125 0.06111111111111111 0.7083333333333334 0.06111111111111111 0.7055555555555556 0.06388888888888888 0.7013888888888888 0.06851851851851852 0.7013888888888888 0.07222222222222222 0.7069444444444445 0.08148148148148149 0.7069444444444445 0.08611111111111111 0.7041666666666667 0.09074074074074075 0.6930555555555555 0.10648148148148148 0.6875 0.10833333333333334 0.675 0.10740740740740741 0.6569444444444444 0.10277777777777777 0.65 0.10462962962962963 0.6458333333333334 0.1 0.6402777777777777 0.09907407407407408 0.6347222222222222 0.09444444444444444 0.6319444444444444 0.09166666666666666 0.6361111111111111 0.08333333333333333 0.6236111111111111 0.07037037037037037 0.6222222222222222 0.06574074074074074 0.6194444444444445 0.04722222222222222 0.6208333333333333 0.03888888888888889 0.6180555555555556 0.008333333333333333 0.6152777777777778
0 0.15648148148148147 0.6097222222222223 0.14722222222222223 0.6125 0.13425925925925927 0.6222222222222222 0.12685185185185185 0.6305555555555555 0.10462962962962963 0.6375 0.10833333333333334 0.6458333333333334 0.10925925925925926 0.6666666666666666 0.11296296296296296 0.6791666666666667 0.11944444444444445 0.6791666666666667 0.1259259259259259 0.6694444444444444 0.15092592592592594 0.6694444444444444 0.1574074074074074 0.675 0.16203703703703703 0.675 0.16574074074074074 0.6722222222222223 0.17685185185185184 0.6777777777777778 0.1925925925925926 0.6777777777777778 0.1962962962962963 0.675 0.2 0.6666666666666666 0.20833333333333334 0.6638888888888889 0.20833333333333334 0.6347222222222222 0.2064814814814815 0.6263888888888889 0.20277777777777778 0.6222222222222222 0.20277777777777778 0.6194444444444445 0.2 0.6152777777777778 0.19444444444444445 0.6138888888888889 0.18981481481481483 0.6097222222222223 0.17685185185185184 0.6097222222222223
0 0.2574074074074074 0.6152777777777778 0.2351851851851852 0.6194444444444445 0.22870370370370371 0.6263888888888889 0.2222222222222222 0.6416666666666667 0.21944444444444444 0.6541666666666667 0.21481481481481482 0.6611111111111111 0.21388888888888888 0.6847222222222222 0.21574074074074073 0.6972222222222222 0.2601851851851852 0.6902777777777778 0.2675925925925926 0.6902777777777778 0.2712962962962963 0.6944444444444444 0.28703703703703703 0.6930555555555555 0.2916666666666667 0.6847222222222222 0.29074074074074074 0.6513888888888889 0.27870370370370373 0.6236111111111111 0.27037037037037037 0.6152777777777778
0 0.20462962962962963 0.6027777777777777 0.1925925925925926 0.6055555555555555 0.18981481481481483 0.6069444444444444 0.18981481481481483 0.6097222222222223 0.20185185185185187 0.6166666666666667 0.2064814814814815 0.6236111111111111 0.20833333333333334 0.6305555555555555 0.20833333333333334 0.6486111111111111 0.2101851851851852 0.6541666666666667 0.2101851851851852 0.6652777777777777 0.21388888888888888 0.6638888888888889 0.21481481481481482 0.6597222222222222 0.21944444444444444 0.6541666666666667 0.2222222222222222 0.6416666666666667 0.23148148148148148 0.6194444444444445 0.23981481481481481 0.6152777777777778 0.24537037037037038 0.6166666666666667 0.2564814814814815 0.6138888888888889 0.2537037037037037 0.6055555555555555 0.24814814814814815 0.6027777777777777
0 0.2796296296296296 0.6138888888888889 0.275 0.6152777777777778 0.2740740740740741 0.6180555555555556 0.2777777777777778 0.6263888888888889 0.2833333333333333 0.6333333333333333 0.2861111111111111 0.6416666666666667 0.2898148148148148 0.6458333333333334 0.29259259259259257 0.6583333333333333 0.30092592592592593 0.6583333333333333 0.3055555555555556 0.6527777777777778 0.3055555555555556 0.6416666666666667 0.3074074074074074 0.6388888888888888 0.30648148148148147 0.6291666666666667 0.30277777777777776 0.6236111111111111 0.29814814814814816 0.6277777777777778 0.29444444444444445 0.6222222222222222 0.29444444444444445 0.6180555555555556 0.2833333333333333 0.6138888888888889
0 0.32314814814814813 0.6097222222222223 0.31574074074074077 0.6138888888888889 0.31296296296296294 0.6180555555555556 0.3111111111111111 0.6263888888888889 0.31203703703703706 0.6333333333333333 0.3101851851851852 0.6444444444444445 0.30648148148148147 0.6555555555555556 0.3074074074074074 0.6694444444444444 0.30925925925925923 0.6722222222222223 0.31851851851851853 0.6708333333333333 0.32685185185185184 0.6666666666666666 0.34074074074074073 0.6652777777777777 0.34629629629629627 0.6694444444444444 0.3527777777777778 0.6694444444444444 0.35555555555555557 0.6652777777777777 0.35648148148148145 0.6569444444444444 0.35462962962962963 0.6361111111111111 0.34814814814814815 0.6138888888888889 0.3435185185185185 0.6097222222222223
0 0.38425925925925924 0.6027777777777777 0.38055555555555554 0.6055555555555555 0.362962962962963 0.6041666666666666 0.35 0.6069444444444444 0.3472222222222222 0.6111111111111112 0.35462962962962963 0.6430555555555556 0.35462962962962963 0.6541666666666667 0.35648148148148145 0.6569444444444444 0.36018518518518516 0.6541666666666667 0.3712962962962963 0.6541666666666667 0.3768518518518518 0.6597222222222222 0.38425925925925924 0.6583333333333333 0.3861111111111111 0.6486111111111111 0.3888888888888889 0.6458333333333334 0.3962962962962963 0.6458333333333334 0.39537037037037037 0.6180555555555556 0.39351851851851855 0.6152777777777778 0.3925925925925926 0.6083333333333333 0.38981481481481484 0.6041666666666666 0.3851851851851852 0.6027777777777777
0 0.3972222222222222 0.5986111111111111 0.39166666666666666 0.6027777777777777 0.39537037037037037 0.6111111111111112 0.39537037037037037 0.6180555555555556 0.39814814814814814 0.6236111111111111 0.3990740740740741 0.6305555555555555 0.4083333333333333 0.6347222222222222 0.41203703703703703 0.6347222222222222 0.412962962962963 0.6305555555555555 0.41203703703703703 0.6111111111111112 0.4083333333333333 0.6013888888888889 0.4046296296296296 0.5986111111111111
0 0.37222222222222223 0.5875 0.3648148148148148 0.5944444444444444 0.362962962962963 0.6027777777777777 0.375 0.6041666666666666 0.38055555555555554 0.6041666666666666 0.38333333333333336 0.5986111111111111 0.3814814814814815 0.5930555555555556 0.37592592592592594 0.5916666666666667 0.3731481481481482 0.5875
0 0.3277777777777778 0.5777777777777777 0.32222222222222224 0.5861111111111111 0.3212962962962963 0.6027777777777777 0.3435185185185185 0.6055555555555555 0.3472222222222222 0.6055555555555555 0.35 0.6027777777777777 0.35 0.5930555555555556 0.3490740740740741 0.5875 0.3416666666666667 0.5777777777777777
0 0.29444444444444445 0.6138888888888889 0.29259259259259257 0.6152777777777778 0.2935185185185185 0.6222222222222222 0.29814814814814816 0.6291666666666667 0.29907407407407405 0.6347222222222222 0.3037037037037037 0.6388888888888888 0.30462962962962964 0.6472222222222223 0.3074074074074074 0.6472222222222223 0.3074074074074074 0.6402777777777777 0.3101851851851852 0.6361111111111111 0.3101851851851852 0.6263888888888889 0.3074074074074074 0.6263888888888889 0.30277777777777776 0.6152777777777778 0.2953703703703704 0.6152777777777778
0 0.38055555555555554 0.5763888888888888 0.3685185185185185 0.5902777777777778 0.3824074074074074 0.5888888888888889 0.3851851851851852 0.5944444444444444 0.3907407407407407 0.5972222222222222 0.3972222222222222 0.5930555555555556 0.40185185185185185 0.5930555555555556 0.40370370370370373 0.5875 0.4 0.5819444444444445 0.3888888888888889 0.5763888888888888
0 0.4305555555555556 0.6166666666666667 0.42407407407407405 0.6194444444444445 0.42314814814814816 0.625 0.41944444444444445 0.6305555555555555 0.41574074074074074 0.6611111111111111 0.4203703703703704 0.6611111111111111 0.42314814814814816 0.6569444444444444 0.4398148148148148 0.6555555555555556 0.44722222222222224 0.6611111111111111 0.4537037037037037 0.6625 0.45555555555555555 0.6319444444444444 0.45185185185185184 0.6263888888888889 0.45092592592592595 0.6208333333333333 0.4462962962962963 0.6166666666666667
0 0.49444444444444446 0.6138888888888889 0.4888888888888889 0.6194444444444445 0.4888888888888889 0.6236111111111111 0.4842592592592593 0.6319444444444444 0.47962962962962963 0.6513888888888889 0.47962962962962963 0.6819444444444445 0.4824074074074074 0.6847222222222222 0.48703703703703705 0.6819444444444445 0.4888888888888889 0.6763888888888889 0.49166666666666664 0.6736111111111112 0.5222222222222223 0.675 0.5287037037037037 0.6847222222222222 0.5351851851851852 0.6833333333333333 0.5351851851851852 0.6625 0.5333333333333333 0.6472222222222223 0.5314814814814814 0.6458333333333334 0.5314814814814814 0.6347222222222222 0.5287037037037037 0.6305555555555555 0.5259259259259259 0.6208333333333333 0.5231481481481481 0.6166666666666667 0.5175925925925926 0.6138888888888889
0 0.48148148148148145 0.5916666666666667 0.4759259259259259 0.6027777777777777 0.4759259259259259 0.6138888888888889 0.4777777777777778 0.6166666666666667 0.48333333333333334 0.6138888888888889 0.4898148148148148 0.6138888888888889 0.49537037037037035 0.6083333333333333 0.49722222222222223 0.6027777777777777 0.49074074074074076 0.5930555555555556 0.487962962962963 0.5916666666666667
0 0.43148148148148147 0.6041666666666666 0.42592592592592593 0.6111111111111112 0.42685185185185187 0.6152777777777778 0.4425925925925926 0.6138888888888889 0.4537037037037037 0.6194444444444445 0.4546296296296296 0.6222222222222222 0.4546296296296296 0.6152777777777778 0.44907407407407407 0.6041666666666666
0 0.4898148148148148 0.5666666666666667 0.4787037037037037 0.5680555555555555 0.475 0.5708333333333333 0.47314814814814815 0.575 0.4740740740740741 0.6027777777777777 0.4777777777777778 0.6152777777777778 0.4898148148148148 0.6138888888888889 0.49444444444444446 0.6097222222222223 0.5166666666666667 0.6097222222222223 0.525 0.6138888888888889 0.5277777777777778 0.6083333333333333 0.5287037037037037 0.5916666666666667 0.5305555555555556 0.5958333333333333 0.5296296296296297 0.6 0.5314814814814814 0.6027777777777777 0.5305555555555556 0.6069444444444444 0.5425925925925926 0.6069444444444444 0.5425925925925926 0.5722222222222222 0.5277777777777778 0.5708333333333333 0.525 0.5680555555555555 0.5185185185185185 0.5722222222222222 0.5138888888888888 0.5694444444444444 0.49074074074074076 0.5680555555555555
