1 0.014814814814814815 0.8152777777777778 0.013888888888888888 0.8208333333333333 0.009259259259259259 0.8277777777777777 0.006481481481481481 0.8361111111111111 0.003703703703703704 0.8722222222222222 0.005555555555555556 0.8847222222222222 0.009259259259259259 0.8916666666666667 0.009259259259259259 0.8972222222222223 0.017592592592592594 0.9152777777777777 0.018518518518518517 0.9263888888888889 0.024074074074074074 0.9361111111111111 0.02962962962962963 0.9347222222222222 0.03148148148148148 0.9319444444444445 0.025 0.8986111111111111 0.025 0.8680555555555556 0.026851851851851852 0.8555555555555555 0.02962962962962963 0.8486111111111111 0.030555555555555555 0.8333333333333334 0.025925925925925925 0.8236111111111111 0.024074074074074074 0.8236111111111111 0.017592592592592594 0.8152777777777778
1 0.1537037037037037 0.8041666666666667 0.14907407407407408 0.8055555555555556 0.14814814814814814 0.8180555555555555 0.14444444444444443 0.825 0.1425925925925926 0.8402777777777778 0.1361111111111111 0.8527777777777777 0.13518518518518519 0.8597222222222223 0.14351851851851852 0.8666666666666667 0.14537037037037037 0.8736111111111111 0.14537037037037037 0.9055555555555556 0.14722222222222223 0.9097222222222222 0.14722222222222223 0.9194444444444444 0.14444444444444443 0.9388888888888889 0.1398148148148148 0.9458333333333333 0.1398148148148148 0.95 0.14166666666666666 0.9513888888888888 0.14722222222222223 0.9513888888888888 0.15185185185185185 0.9472222222222222 0.15185185185185185 0.9333333333333333 0.1537037037037037 0.9222222222222223 0.1574074074074074 0.9180555555555555 0.16018518518518518 0.9194444444444444 0.16944444444444445 0.9319444444444445 0.17314814814814813 0.9444444444444444 0.17592592592592593 0.9388888888888889 0.17685185185185184 0.9319444444444445 0.17592592592592593 0.9263888888888889 0.17037037037037037 0.9208333333333333 0.1685185185185185 0.9152777777777777 0.1648148148148148 0.9125 0.15925925925925927 0.9013888888888889 0.15648148148148147 0.9 0.15648148148148147 0.8875 0.15462962962962962 0.8763888888888889 0.1574074074074074 0.8722222222222222 0.16111111111111112 0.875 0.16574074074074074 0.875 0.16666666666666666 0.8361111111111111 0.16203703703703703 0.8111111111111111 0.16018518518518518 0.8069444444444445 0.15462962962962962 0.8041666666666667
1 0.17777777777777778 0.8194444444444444 0.17592592592592593 0.8236111111111111 0.17592592592592593 0.8333333333333334 0.1712962962962963 0.8680555555555556 0.17222222222222222 0.8777777777777778 0.175 0.8833333333333333 0.17592592592592593 0.9041666666666667 0.1814814814814815 0.9027777777777778 0.18333333333333332 0.8833333333333333 0.18796296296296297 0.8722222222222222 0.18703703703703703 0.8597222222222223 0.18888888888888888 0.8472222222222222 0.18518518518518517 0.8236111111111111 0.1824074074074074 0.8194444444444444
1 0.20462962962962963 0.8013888888888889 0.20277777777777778 0.8041666666666667 0.2 0.8041666666666667 0.1962962962962963 0.8111111111111111 0.19722222222222222 0.8347222222222223 0.20462962962962963 0.8402777777777778 0.20833333333333334 0.8319444444444445 0.2111111111111111 0.8125 0.20925925925925926 0.8055555555555556 0.2064814814814815 0.8041666666666667
1 0.1814814814814815 0.7986111111111112 0.17777777777777778 0.8097222222222222 0.17222222222222222 0.8597222222222223 0.17222222222222222 0.8763888888888889 0.175 0.8888888888888888 0.17407407407407408 0.8958333333333334 0.17685185185185184 0.9055555555555556 0.1814814814814815 0.9027777777777778 0.18425925925925926 0.8805555555555555 0.18796296296296297 0.8722222222222222 0.18888888888888888 0.8611111111111112 0.18888888888888888 0.8430555555555556 0.18611111111111112 0.8333333333333334 0.18703703703703703 0.8097222222222222 0.1824074074074074 0.7986111111111112
1 0.7046296296296296 0.7944444444444444 0.7027777777777777 0.8027777777777778 0.6972222222222222 0.8152777777777778 0.6962962962962963 0.8333333333333334 0.7064814814814815 0.8472222222222222 0.7083333333333334 0.8472222222222222 0.7111111111111111 0.8402777777777778 0.7138888888888889 0.825 0.7138888888888889 0.8138888888888889 0.7083333333333334 0.8027777777777778 0.7083333333333334 0.7986111111111112 0.7064814814814815 0.7972222222222223
1 0.7203703703703703 0.8027777777777778 0.7194444444444444 0.8111111111111111 0.7175925925925926 0.8138888888888889 0.7166666666666667 0.8291666666666667 0.7175925925925926 0.8513888888888889 0.7194444444444444 0.8569444444444444 0.725925925925926 0.8597222222222223 0.7277777777777777 0.8638888888888889 0.7268518518518519 0.85 0.7287037037037037 0.8263888888888888 0.7277777777777777 0.8180555555555555 0.7240740740740741 0.8097222222222222 0.7240740740740741 0.8041666666666667 0.7212962962962963 0.8027777777777778
1 0.6805555555555556 0.8083333333333333 0.6777777777777778 0.8138888888888889 0.6768518518518518 0.8208333333333333 0.6805555555555556 0.8263888888888888 0.6851851851851852 0.8277777777777777 0.687962962962963 0.825 0.6842592592592592 0.8083333333333333
1 0.5092592592592593 0.8083333333333333 0.5064814814814815 0.8138888888888889 0.5055555555555555 0.8208333333333333 0.5064814814814815 0.8444444444444444 0.5083333333333333 0.8472222222222222 0.512962962962963 0.8444444444444444 0.5111111111111111 0.8416666666666667 0.5111111111111111 0.8305555555555556 0.5138888888888888 0.825 0.5101851851851852 0.8097222222222222
1 0.49722222222222223 0.8069444444444445 0.49444444444444446 0.8138888888888889 0.49444444444444446 0.825 0.5018518518518519 0.8472222222222222 0.5018518518518519 0.8291666666666667 0.5037037037037037 0.8222222222222222 0.5027777777777778 0.8138888888888889 0.49907407407407406 0.8069444444444445
0 0.6277777777777778 0.8166666666666667 0.5990740740740741 0.8208333333333333 0.5916666666666667 0.8180555555555555 0.575925925925926 0.8194444444444444 0.5675925925925925 0.8236111111111111 0.562962962962963 0.8236111111111111 0.5601851851851852 0.8263888888888888 0.5555555555555556 0.825 0.5453703703703704 0.8291666666666667 0.5398148148148149 0.8291666666666667 0.5342592592592592 0.8333333333333334 0.525 0.8486111111111111 0.5231481481481481 0.8569444444444444 0.5157407407407407 0.8736111111111111 0.5148148148148148 0.8847222222222222 0.512962962962963 0.8888888888888888 0.512962962962963 0.9013888888888889 0.5083333333333333 0.9152777777777777 0.5083333333333333 0.9347222222222222 0.5120370370370371 0.9486111111111111 0.5185185185185185 0.9555555555555556 0.5287037037037037 0.9569444444444445 0.5314814814814814 0.9611111111111111 0.5314814814814814 0.9638888888888889 0.5370370370370371 0.9708333333333333 0.5518518518518518 0.975 0.562962962962963 0.9666666666666667 0.5898148148148148 0.9694444444444444 0.5944444444444444 0.9722222222222222 0.600925925925926 0.9805555555555555 0.6101851851851852 0.9861111111111112 0.6240740740740741 0.9861111111111112 0.6314814814814815 0.9819444444444444 0.6333333333333333 0.9763888888888889 0.637962962962963 0.9722222222222222 0.6425925925925926 0.9583333333333334 0.6481481481481481 0.9541666666666667 0.6694444444444444 0.9527777777777777 0.6768518518518518 0.9472222222222222 0.7083333333333334 0.9472222222222222 0.7194444444444444 0.95 0.725 0.9486111111111111 0.725 0.9541666666666667 0.7268518518518519 0.9583333333333334 0.7314814814814815 0.9611111111111111 0.7398148148148148 0.9611111111111111 0.7453703703703703 0.9555555555555556 0.7481481481481481 0.9416666666666667 0.7481481481481481 0.9222222222222223 0.7462962962962963 0.9097222222222222 0.7444444444444445 0.9041666666666667 0.7351851851851852 0.9027777777777778 0.7333333333333333 0.9 0.7342592592592593 0.8972222222222223 0.7444444444444445 0.8958333333333334 0.7407407407407407 0.8916666666666667 0.7444444444444445 0.8888888888888888 0.7398148148148148 0.8847222222222222 0.7398148148148148 0.8791666666666667 0.7361111111111112 0.8763888888888889 0.7333333333333333 0.8777777777777778 0.7314814814814815 0.8819444444444444 0.7296296296296296 0.8791666666666667 0.7268518518518519 0.8791666666666667 0.725925925925926 0.8805555555555555 0.7296296296296296 0.8847222222222222 0.7268518518518519 0.8875 0.7231481481481481 0.8875 0.7212962962962963 0.8847222222222222 0.7231481481481481 0.8805555555555555 0.7157407407407408 0.8694444444444445 0.712037037037037 0.8694444444444445 0.7111111111111111 0.8652777777777778 0.7074074074074074 0.8611111111111112 0.7074074074074074 0.8569444444444444 0.6944444444444444 0.8375 0.6888888888888889 0.8319444444444445 0.6842592592592592 0.8319444444444445 0.674074074074074 0.8236111111111111 0.6583333333333333 0.8208333333333333 0.6537037037037037 0.8166666666666667
0 0.46111111111111114 0.8194444444444444 0.44722222222222224 0.8347222222222223 0.4425925925925926 0.8375 0.44166666666666665 0.8583333333333333 0.44351851851851853 0.8652777777777778 0.44722222222222224 0.8652777777777778 0.4546296296296296 0.8583333333333333 0.45925925925925926 0.8680555555555556 0.4638888888888889 0.8680555555555556 0.4685185185185185 0.8625 0.49074074074074076 0.8625 0.4925925925925926 0.8666666666666667 0.4962962962962963 0.8694444444444445 0.5018518518518519 0.8694444444444445 0.5046296296296297 0.8458333333333333 0.4981481481481482 0.8375 0.49537037037037035 0.8305555555555556 0.4861111111111111 0.8208333333333333 0.4824074074074074 0.8236111111111111 0.48148148148148145 0.8305555555555556 0.4777777777777778 0.8319444444444445 0.4759259259259259 0.8291666666666667 0.4759259259259259 0.825 0.4675925925925926 0.8194444444444444
0 0.40370370370370373 0.8097222222222222 0.39814814814814814 0.8166666666666667 0.3962962962962963 0.8222222222222222 0.39814814814814814 0.8333333333333334 0.40925925925925927 0.8513888888888889 0.42777777777777776 0.8541666666666666 0.43333333333333335 0.8527777777777777 0.4361111111111111 0.8375 0.43425925925925923 0.8347222222222223 0.43148148148148147 0.8180555555555555 0.42777777777777776 0.8125 0.41944444444444445 0.8097222222222222
0 0.35555555555555557 0.8180555555555555 0.3472222222222222 0.8222222222222222 0.3398148148148148 0.8402777777777778 0.3398148148148148 0.8472222222222222 0.337037037037037 0.8569444444444444 0.33796296296296297 0.8791666666666667 0.34074074074074073 0.8833333333333333 0.3453703703703704 0.8833333333333333 0.3490740740740741 0.8875 0.3648148148148148 0.8875 0.37222222222222223 0.8819444444444444 0.37592592592592594 0.8861111111111111 0.39444444444444443 0.8847222222222222 0.3990740740740741 0.8888888888888888 0.4083333333333333 0.8888888888888888 0.4101851851851852 0.8861111111111111 0.4111111111111111 0.8611111111111112 0.4074074074074074 0.8569444444444444 0.4074074074074074 0.8527777777777777 0.3962962962962963 0.8291666666666667 0.38981481481481484 0.8222222222222222 0.3814814814814815 0.8180555555555555 0.3592592592592593 0.8180555555555555
0 0.337037037037037 0.8055555555555556 0.33240740740740743 0.8111111111111111 0.3296296296296296 0.8194444444444444 0.3296296296296296 0.8305555555555556 0.33240740740740743 0.8347222222222223 0.3398148148148148 0.8333333333333334 0.3435185185185185 0.8222222222222222 0.3472222222222222 0.8166666666666667 0.3472222222222222 0.8097222222222222 0.3425925925925926 0.8055555555555556
0 0.2740740740740741 0.8111111111111111 0.26296296296296295 0.8236111111111111 0.262037037037037 0.8319444444444445 0.2574074074074074 0.8416666666666667 0.2574074074074074 0.8583333333333333 0.25555555555555554 0.8611111111111112 0.2564814814814815 0.8638888888888889 0.2537037037037037 0.8680555555555556 0.25462962962962965 0.8722222222222222 0.2601851851851852 0.8763888888888889 0.262037037037037 0.8875 0.2657407407407407 0.8930555555555556 0.2657407407407407 0.8958333333333334 0.2712962962962963 0.9 0.275 0.8958333333333334 0.2861111111111111 0.8930555555555556 0.28888888888888886 0.8902777777777777 0.30925925925925923 0.8902777777777777 0.32037037037037036 0.8972222222222223 0.32685185185185184 0.8972222222222223 0.3296296296296296 0.8944444444444445 0.33055555555555555 0.8625 0.32314814814814813 0.8333333333333334 0.3138888888888889 0.8152777777777778 0.3037037037037037 0.8111111111111111
0 0.25925925925925924 0.7972222222222223 0.25555555555555554 0.7986111111111112 0.25092592592592594 0.8125 0.24814814814814815 0.8291666666666667 0.24814814814814815 0.8472222222222222 0.25 0.8527777777777777 0.25 0.8652777777777778 0.2518518518518518 0.8680555555555556 0.25555555555555554 0.8611111111111112 0.25555555555555554 0.8444444444444444 0.25277777777777777 0.8416666666666667 0.25555555555555554 0.8375 0.25925925925925924 0.8388888888888889 0.2611111111111111 0.825 0.26944444444444443 0.8138888888888889 0.275 0.8097222222222222 0.2824074074074074 0.8097222222222222 0.28055555555555556 0.8041666666666667 0.275 0.7972222222222223
0 0.3148148148148148 0.8055555555555556 0.3111111111111111 0.8097222222222222 0.3175925925925926 0.8180555555555555 0.32314814814814813 0.8291666666666667 0.3277777777777778 0.8291666666666667 0.3287037037037037 0.8194444444444444 0.3277777777777778 0.8111111111111111 0.32314814814814813 0.8055555555555556
0 0.8611111111111112 0.8291666666666667 0.8268518518518518 0.8305555555555556 0.8064814814814815 0.8347222222222223 0.7907407407407407 0.8486111111111111 0.7796296296296297 0.8680555555555556 0.7805555555555556 0.8722222222222222 0.7787037037037037 0.875 0.7638888888888888 0.875 0.75 0.8805555555555555 0.7490740740740741 0.8875 0.7518518518518519 0.8930555555555556 0.7518518518518519 0.9055555555555556 0.7537037037037037 0.9152777777777777 0.7527777777777778 0.9236111111111112 0.7555555555555555 0.9388888888888889 0.7611111111111111 0.9416666666666667 0.7675925925925926 0.9416666666666667 0.7805555555555556 0.9361111111111111 0.7953703703703704 0.9361111111111111 0.8231481481481482 0.9402777777777778 0.8305555555555556 0.9444444444444444 0.8416666666666667 0.9458333333333333 0.8490740740740741 0.9583333333333334 0.8574074074074074 0.9638888888888889 0.8648148148148148 0.9652777777777778 0.8712962962962963 0.9625 0.8759259259259259 0.95 0.9120370370370371 0.95 0.9185185185185185 0.9513888888888888 0.9277777777777778 0.9583333333333334 0.9416666666666667 0.9597222222222223 0.9481481481481482 0.9513888888888888 0.950925925925926 0.9416666666666667 0.9564814814814815 0.9416666666666667 0.9657407407407408 0.9375 0.9694444444444444 0.9277777777777778 0.9703703703703703 0.9166666666666666 0.9648148148148148 0.8861111111111111 0.9601851851851851 0.875 0.950925925925926 0.8694444444444445 0.9407407407407408 0.8666666666666667 0.9212962962962963 0.8458333333333333 0.9138888888888889 0.8430555555555556 0.9037037037037037 0.8347222222222223 0.8925925925925926 0.8347222222222223 0.8861111111111111 0.8305555555555556 0.862037037037037 0.8305555555555556
