0 0.1406 0.4611 0.0930 0.4639 0.0633 0.4708 0.0414 0.4847 0.0336 0.4917 0.0289 0.4986 0.0234 0.5014 0.0172 0.5097 0.0102 0.5139 0.0055 0.5250 0.0000 0.5264 0.0000 0.7250 0.0305 0.7250 0.0359 0.7278 0.0500 0.7264 0.0523 0.7292 0.0539 0.7264 0.0773 0.7222 0.0828 0.7250 0.0930 0.7236 0.0977 0.7250 0.0992 0.7278 0.1031 0.7264 0.1070 0.7306 0.1133 0.7319 0.1148 0.7347 0.1164 0.7319 0.1219 0.7319 0.1250 0.7361 0.1305 0.7361 0.1328 0.7319 0.1422 0.7292 0.1508 0.7333 0.1578 0.7319 0.1664 0.7333 0.1695 0.7361 0.1711 0.7333 0.1766 0.7333 0.1844 0.7361 0.1867 0.7403 0.1891 0.7611 0.1922 0.7667 0.1961 0.7694 0.2008 0.7694 0.2109 0.7625 0.2125 0.7583 0.2164 0.7556 0.2180 0.7500 0.2203 0.7472 0.2227 0.7306 0.2273 0.7208 0.2391 0.7111 0.2461 0.7083 0.2516 0.7014 0.2602 0.7000 0.2664 0.6944 0.2711 0.6944 0.2750 0.6917 0.2797 0.6917 0.2836 0.7000 0.2969 0.7000 0.3023 0.6958 0.3086 0.6750 0.3109 0.6583 0.3109 0.6014 0.3070 0.5819 0.3055 0.5792 0.3047 0.5708 0.2875 0.5528 0.2867 0.5389 0.2820 0.5347 0.2789 0.5458 0.2711 0.5458 0.2672 0.5333 0.2594 0.5333 0.2539 0.5292 0.2508 0.5181 0.2516 0.5111 0.2492 0.5028 0.2484 0.4931 0.2422 0.4833 0.2336 0.4750 0.2266 0.4708 0.2148 0.4681 0.1484 0.4611
0 0.4000 0.5056 0.3906 0.5111 0.3883 0.5236 0.3828 0.5361 0.3812 0.5486 0.3812 0.5750 0.3836 0.5792 0.3898 0.5792 0.4008 0.5736 0.4156 0.5722 0.4195 0.5736 0.4227 0.5792 0.4273 0.5806 0.4320 0.5778 0.4352 0.5722 0.4352 0.5486 0.4336 0.5444 0.4344 0.5403 0.4328 0.5306 0.4281 0.5153 0.4242 0.5083 0.4180 0.5056
0 0.5828 0.5028 0.5750 0.5056 0.5711 0.5125 0.5711 0.5194 0.5680 0.5236 0.5641 0.5347 0.5625 0.5500 0.5633 0.5750 0.5766 0.5764 0.5813 0.5708 0.5930 0.5694 0.5961 0.5750 0.6102 0.5806 0.6156 0.5792 0.6164 0.5750 0.6172 0.5528 0.6156 0.5472 0.6156 0.5403 0.6141 0.5375 0.6141 0.5333 0.6164 0.5292 0.6148 0.5236 0.6125 0.5208 0.6109 0.5111 0.6055 0.5056 0.5859 0.5028
0 0.4859 0.5194 0.4820 0.5222 0.4789 0.5333 0.4773 0.5514 0.4797 0.5542 0.4828 0.5542 0.4883 0.5500 0.4945 0.5500 0.5031 0.5542 0.5047 0.5514 0.5055 0.5375 0.5047 0.5292 0.5016 0.5194
0 0.5055 0.5167 0.5039 0.5208 0.5055 0.5347 0.5109 0.5444 0.5156 0.5444 0.5172 0.5417 0.5172 0.5236 0.5133 0.5167
0 0.4578 0.5167 0.4539 0.5278 0.4547 0.5361 0.4562 0.5389 0.4703 0.5375 0.4703 0.5236 0.4664 0.5181 0.4625 0.5167
0 0.4352 0.5097 0.4320 0.5167 0.4320 0.5264 0.4344 0.5333 0.4352 0.5417 0.4477 0.5403 0.4508 0.5444 0.4531 0.5417 0.4539 0.5375 0.4523 0.5250 0.4547 0.5208 0.4547 0.5167 0.4516 0.5125 0.4391 0.5097
0 0.2797 0.5042 0.2773 0.5056 0.2750 0.5125 0.2719 0.5083 0.2633 0.5056 0.2578 0.5125 0.2570 0.5208 0.2625 0.5292 0.2719 0.5264 0.2805 0.5333 0.2883 0.5319 0.2922 0.5250 0.2922 0.5125 0.2867 0.5042
0 0.2953 0.5212 0.3068 0.5270 0.3148 0.5148 0.3072 0.5064
0 0.3242 0.5231 0.3377 0.5226 0.3411 0.5098 0.3295 0.5092
0 0.3477 0.5209 0.3671 0.5209 0.3671 0.5120 0.3474 0.5103