0 0.9961 0.4903 0.9867 0.5069 0.9836 0.5083 0.9469 0.5097 0.9391 0.5111 0.9352 0.5153 0.9195 0.5167 0.9039 0.5319 0.9000 0.5417 0.8969 0.5708 0.8977 0.5778 0.8961 0.5792 0.8961 0.5958 0.9016 0.6028 0.9023 0.6111 0.9062 0.6208 0.9078 0.6403 0.9141 0.6681 0.9187 0.6764 0.9273 0.6833 0.9461 0.6889 0.9648 0.6903 0.9820 0.6889 0.9781 0.6889 0.9742 0.6847 0.9781 0.6792 0.9820 0.6778 0.9844 0.6708 0.9992 0.6722 0.9992 0.4903
0 0.7734 0.3806 0.7539 0.3875 0.7438 0.3958 0.7367 0.4042 0.7289 0.4208 0.7250 0.4236 0.7211 0.4361 0.7141 0.4375 0.7086 0.4417 0.6969 0.4625 0.6945 0.4722 0.6953 0.4861 0.6930 0.5083 0.6953 0.5333 0.7008 0.5403 0.7109 0.5431 0.7164 0.5417 0.7203 0.5319 0.7305 0.5333 0.7375 0.5403 0.7484 0.5431 0.7516 0.5514 0.7562 0.5528 0.7586 0.5667 0.7633 0.5764 0.7688 0.5819 0.7836 0.5819 0.7906 0.5764 0.7992 0.5750 0.8047 0.5708 0.8109 0.5722 0.8133 0.5694 0.8234 0.5694 0.8266 0.5667 0.8281 0.5708 0.8352 0.5722 0.8375 0.5750 0.8492 0.5750 0.8547 0.5778 0.8703 0.5792 0.8750 0.5806 0.8766 0.5833 0.8805 0.5819 0.8867 0.5875 0.8891 0.5875 0.8914 0.5833 0.8945 0.5528 0.8984 0.5444 0.9000 0.5361 0.9039 0.5292 0.9070 0.5278 0.9148 0.5181 0.9219 0.5139 0.9352 0.5111 0.9391 0.5056 0.9391 0.4917 0.9352 0.4639 0.9234 0.4486 0.9195 0.4528 0.9172 0.4486 0.9164 0.4417 0.9102 0.4361 0.9078 0.4306 0.9000 0.4264 0.8953 0.4264 0.8938 0.4236 0.8945 0.4208 0.9039 0.4194 0.9039 0.4167 0.8977 0.4181 0.8922 0.4125 0.8891 0.4125 0.8883 0.4083 0.8766 0.4028 0.8734 0.3944 0.8703 0.3917 0.8625 0.3917 0.8484 0.3875 0.8367 0.3875 0.8336 0.3847 0.8180 0.3819 0.7820 0.3806
0 0.6516 0.3667 0.6352 0.3722 0.6227 0.3875 0.6117 0.4111 0.6070 0.4153 0.6023 0.4236 0.6016 0.4347 0.6000 0.4375 0.5992 0.4625 0.6008 0.4667 0.6000 0.4778 0.6016 0.4861 0.6055 0.4903 0.6117 0.4903 0.6141 0.4889 0.6188 0.4778 0.6219 0.4778 0.6273 0.4736 0.6312 0.4819 0.6305 0.4889 0.6336 0.5014 0.6375 0.5056 0.6445 0.5056 0.6523 0.4917 0.6570 0.4875 0.6617 0.4875 0.6687 0.4958 0.6734 0.4958 0.6852 0.4889 0.6867 0.4847 0.6875 0.4694 0.6891 0.4667 0.6945 0.4667 0.6953 0.4625 0.7016 0.4528 0.7047 0.4403 0.7063 0.4375 0.7125 0.4347 0.7109 0.4222 0.7141 0.4194 0.7063 0.4125 0.7008 0.4042 0.6992 0.3847 0.6969 0.3778 0.6883 0.3750 0.6836 0.3708 0.6680 0.3694 0.6609 0.3667
0 0.5531 0.3736 0.5484 0.3764 0.5406 0.3875 0.5359 0.4042 0.5328 0.4083 0.5297 0.4236 0.5305 0.4347 0.5289 0.4375 0.5289 0.4486 0.5453 0.4556 0.5484 0.4556 0.5539 0.4500 0.5602 0.4486 0.5719 0.4556 0.5766 0.4556 0.5805 0.4528 0.5859 0.4556 0.5875 0.4583 0.5938 0.4556 0.5961 0.4500 0.5953 0.4472 0.5969 0.4389 0.6008 0.4347 0.6000 0.4083 0.5922 0.3792 0.5766 0.3736
0 0.5195 0.3917 0.5117 0.4069 0.5094 0.4167 0.5094 0.4278 0.5125 0.4333 0.5289 0.4333 0.5297 0.4181 0.5320 0.4111 0.5312 0.4083 0.5359 0.4028 0.5367 0.3917
0 0.4922 0.4222 0.4953 0.4153 0.4938 0.4111 0.4953 0.4083 0.4953 0.3958 0.5008 0.3875 0.5047 0.3847 0.5070 0.3847 0.5164 0.3875 0.5172 0.3917 0.5102 0.4111 0.5099 0.4144 0.5094 0.4167 0.5094 0.4222 0.5031 0.4264 0.4992 0.4264 0.4938 0.4250
0 0.4789 0.3556 0.4758 0.3597 0.4750 0.3806 0.4711 0.3944 0.4711 0.4056 0.4727 0.4111 0.4773 0.4167 0.4852 0.4194 0.4891 0.4153 0.4922 0.4042 0.4922 0.4000 0.4953 0.3917 0.5016 0.3833 0.5078 0.3792 0.5086 0.3750 0.5070 0.3694 0.5070 0.3611 0.5023 0.3569 0.4938 0.3556
0 0.4344 0.3875 0.4289 0.4000 0.4289 0.4125 0.4313 0.4167 0.4484 0.4153 0.4492 0.3986 0.4477 0.3931 0.4430 0.3875
0 0.4578 0.3819 0.4547 0.3875 0.4539 0.3986 0.4570 0.4028 0.4617 0.4042 0.4664 0.4028 0.4672 0.3986 0.4672 0.3889 0.4641 0.3819
0 0.4039 0.3806 0.3969 0.3847 0.3961 0.4000 0.4000 0.3972 0.4070 0.3986 0.4109 0.3917 0.4109 0.3833 0.4047 0.3806
0 0.3758 0.3736 0.3727 0.3750 0.3703 0.3833 0.3703 0.3917 0.3742 0.3986 0.3828 0.3986 0.3891 0.3944 0.3875 0.3806 0.3852 0.3736
0 0.3258 0.3764 0.3258 0.4264 0.3336 0.4264 0.3398 0.4236 0.3539 0.4250 0.3563 0.4236 0.3578 0.4194 0.3578 0.4069 0.3508 0.3847 0.3477 0.3833 0.3453 0.3792 0.3414 0.3861 0.3297 0.3889 0.3273 0.3847 0.3273 0.3792
0 0.3086 0.3903 0.3063 0.3958 0.3078 0.3986 0.3078 0.4111 0.3094 0.4181 0.3117 0.4153 0.3172 0.4153 0.3219 0.4194 0.3242 0.4111 0.3242 0.4000 0.3219 0.3917 0.3187 0.3903
0 0.2977 0.3861 0.2867 0.3875 0.2812 0.3958 0.2812 0.4014 0.2836 0.4069 0.2844 0.4278 0.3016 0.4250 0.3063 0.4194 0.3063 0.4111 0.3047 0.4097 0.3047 0.4056 0.3063 0.4028 0.3039 0.3972 0.3031 0.3903 0.2984 0.3861
0 0.2633 0.3917 0.2578 0.3958 0.2570 0.4000 0.2594 0.4069 0.2602 0.4194 0.2625 0.4278 0.2641 0.4292 0.2789 0.4292 0.2844 0.4264 0.2836 0.4083 0.2812 0.4014 0.2750 0.3917
0 0.2414 0.3917 0.2281 0.3931 0.2172 0.4097 0.2141 0.4194 0.2141 0.4319 0.2156 0.4361 0.2242 0.4375 0.2273 0.4347 0.2484 0.4361 0.2594 0.4333 0.2609 0.4222 0.2586 0.4069 0.2516 0.3944 0.2484 0.3917
0 0.4250 0.3806 0.4219 0.3833 0.4211 0.3875 0.4266 0.3917 0.4336 0.3875 0.4344 0.3847 0.4320 0.3806
0 0.1445 0.3889 0.1289 0.3917 0.1266 0.3958 0.1336 0.4139 0.1367 0.4583 0.1383 0.4597 0.1484 0.4569 0.1539 0.4611 0.1578 0.4611 0.1633 0.4569 0.1656 0.4528 0.1703 0.4556 0.1805 0.4569 0.1828 0.4542 0.1844 0.4486 0.1852 0.4292 0.1820 0.4097 0.1734 0.3958 0.1719 0.3958 0.1695 0.3917 0.1633 0.3889
0 0.1047 0.3861 0.0836 0.3875 0.0805 0.3889 0.0789 0.3958 0.0797 0.4028 0.0836 0.4056 0.0875 0.4028 0.0906 0.3931 0.0938 0.3931 0.0953 0.3903 0.1000 0.3944 0.0992 0.3972 0.0961 0.3986 0.0953 0.4097 0.0922 0.4111 0.0883 0.4167 0.0836 0.4153 0.0813 0.4306 0.0820 0.4444 0.0781 0.4597 0.0789 0.4667 0.0820 0.4708 0.0953 0.4694 0.1000 0.4778 0.1055 0.4778 0.1086 0.4750 0.1117 0.4667 0.1187 0.4611 0.1250 0.4625 0.1305 0.4681 0.1352 0.4667 0.1367 0.4625 0.1383 0.4458 0.1367 0.4306 0.1313 0.4083 0.1266 0.3958 0.1133 0.3861
0 0.0281 0.3597 0.0211 0.3625 0.0164 0.3611 0.0000 0.3639 0.0000 0.5028 0.0133 0.5014 0.0172 0.4986 0.0187 0.4931 0.0219 0.4889 0.0219 0.4819 0.0242 0.4764 0.0289 0.4778 0.0312 0.4750 0.0523 0.4722 0.0570 0.4750 0.0617 0.4861 0.0695 0.4861 0.0734 0.4819 0.0758 0.4736 0.0773 0.4542 0.0805 0.4500 0.0813 0.4458 0.0820 0.4208 0.0805 0.4069 0.0695 0.3764 0.0617 0.3639 0.0578 0.3611 0.0430 0.3597