0 0.4086 0.4153 0.4031 0.4194 0.4000 0.4250 0.3945 0.4458 0.3891 0.4542 0.3875 0.4833 0.3844 0.4931 0.3836 0.5208 0.3820 0.5292 0.3828 0.5597 0.3844 0.5639 0.3883 0.5653 0.3922 0.5597 0.3961 0.5597 0.4000 0.5500 0.4047 0.5472 0.4078 0.5417 0.4109 0.5444 0.4117 0.5528 0.4133 0.5500 0.4125 0.5444 0.4164 0.5417 0.4273 0.5431 0.4313 0.5472 0.4375 0.5444 0.4461 0.5472 0.4562 0.5472 0.4648 0.5597 0.4609 0.5639 0.4609 0.5681 0.4672 0.5750 0.4734 0.5750 0.4781 0.5597 0.4797 0.5333 0.4797 0.4861 0.4766 0.4639 0.4719 0.4472 0.4688 0.4417 0.4664 0.4264 0.4594 0.4222 0.4531 0.4222 0.4437 0.4181 0.4289 0.4181 0.4188 0.4153
0 0.0000 0.4431 0.0000 0.7556 0.0047 0.7556 0.0117 0.7500 0.0172 0.7500 0.0258 0.7431 0.0289 0.7431 0.0305 0.7403 0.0383 0.7361 0.0414 0.7292 0.0492 0.7264 0.0602 0.7167 0.0648 0.7167 0.0672 0.7139 0.0695 0.7167 0.0711 0.7236 0.0703 0.7292 0.0719 0.7319 0.0766 0.7333 0.0781 0.7361 0.0789 0.7431 0.0844 0.7431 0.0961 0.7375 0.1055 0.7208 0.1086 0.7056 0.1086 0.6958 0.1109 0.6931 0.1117 0.6847 0.1180 0.6653 0.1203 0.6625 0.1227 0.6500 0.1219 0.6111 0.1203 0.5944 0.1148 0.5681 0.1156 0.5639 0.1117 0.5556 0.1102 0.5444 0.0992 0.5319 0.0961 0.5319 0.0797 0.5208 0.0758 0.5208 0.0727 0.5042 0.0680 0.4972 0.0578 0.4889 0.0437 0.4875 0.0320 0.4750 0.0297 0.4694 0.0281 0.4694 0.0141 0.4514 0.0063 0.4444 0.0016 0.4431
0 0.1984 0.4083 0.1883 0.4097 0.1797 0.4250 0.1742 0.4403 0.1688 0.4472 0.1656 0.4819 0.1664 0.4972 0.1695 0.5056 0.1750 0.5056 0.1812 0.4972 0.1867 0.4958 0.1992 0.5000 0.2148 0.4986 0.2195 0.5042 0.2281 0.5056 0.2359 0.4931 0.2422 0.4972 0.2477 0.4972 0.2500 0.4931 0.2508 0.4861 0.2492 0.4819 0.2500 0.4708 0.2484 0.4653 0.2484 0.4458 0.2461 0.4375 0.2430 0.4347 0.2359 0.4208 0.2313 0.4153 0.2016 0.4083
0 0.2318 0.4160 0.2320 0.4153 0.2562 0.4153 0.2687 0.4208 0.2758 0.4375 0.2859 0.4542 0.2875 0.4625 0.2852 0.4694 0.2844 0.4792 0.2820 0.4847 0.2711 0.4847 0.2633 0.4917 0.2516 0.4917 0.2506 0.4875 0.2508 0.4861 0.2500 0.4840 0.2497 0.4748 0.2500 0.4708 0.2496 0.4693 0.2492 0.4569 0.2484 0.4556 0.2484 0.4531 0.2508 0.4500 0.2492 0.4431 0.2453 0.4361 0.2440 0.4356 0.2430 0.4347 0.2359 0.4208
0 0.3000 0.4097 0.2945 0.4167 0.2914 0.4347 0.2875 0.4458 0.2883 0.4639 0.2914 0.4681 0.3109 0.4639 0.3180 0.4639 0.3234 0.4681 0.3297 0.4681 0.3438 0.4583 0.3453 0.4347 0.3383 0.4278 0.3336 0.4292 0.3305 0.4208 0.3320 0.4167 0.3359 0.4153 0.3289 0.4111 0.3289 0.4208 0.3273 0.4250 0.3250 0.4250 0.3242 0.4153 0.3219 0.4097 0.3133 0.4097
0 0.6016 0.4264 0.5945 0.4292 0.5859 0.4292 0.5789 0.4333 0.5750 0.4403 0.5664 0.4708 0.5656 0.4972 0.5672 0.5083 0.5750 0.5097 0.5797 0.5208 0.5836 0.5236 0.5891 0.5208 0.5914 0.5167 0.5992 0.5167 0.6164 0.5181 0.6195 0.5208 0.6281 0.5222 0.6305 0.5250 0.6344 0.5236 0.6375 0.5125 0.6367 0.4847 0.6383 0.4792 0.6391 0.4597 0.6367 0.4500 0.6367 0.4375 0.6383 0.4347 0.6266 0.4278 0.6227 0.4292 0.6125 0.4264
0 0.5188 0.4375 0.5133 0.4389 0.5141 0.4431 0.5102 0.4542 0.5078 0.4556 0.5078 0.4597 0.5039 0.4694 0.5023 0.4778 0.5023 0.4819 0.5047 0.4861 0.5094 0.4889 0.5297 0.4889 0.5344 0.4819 0.5367 0.4708 0.5391 0.4667 0.5398 0.4528 0.5383 0.4431 0.5305 0.4389 0.5219 0.4375
0 0.4898 0.4236 0.4867 0.4278 0.4805 0.4306 0.4750 0.4458 0.4781 0.4667 0.4828 0.4792 0.4867 0.4819 0.4977 0.4819 0.5008 0.4736 0.5000 0.4694 0.5031 0.4639 0.5047 0.4514 0.5047 0.4347 0.4984 0.4278 0.4906 0.4236
0 0.4227 0.4153 0.4242 0.4139 0.4258 0.4056 0.4297 0.4014 0.4359 0.4014 0.4453 0.4056 0.4492 0.4153 0.4484 0.4181 0.4344 0.4181
0 0.3883 0.4097 0.3844 0.4111 0.3812 0.4194 0.3820 0.4375 0.3875 0.4403 0.3945 0.4375 0.3969 0.4319 0.3992 0.4194 0.3969 0.4125 0.3937 0.4097
1 0.8648 0.4708 0.8562 0.4778 0.8516 0.4917 0.8547 0.5208 0.8609 0.5472 0.8609 0.5639 0.8594 0.5681 0.8609 0.5917 0.8656 0.5875 0.8656 0.5681 0.8688 0.5611 0.8695 0.5556 0.8695 0.5514 0.8672 0.5486 0.8734 0.5403 0.8711 0.5403 0.8695 0.5361 0.8766 0.5347 0.8766 0.5306 0.8750 0.5292 0.8773 0.5208 0.8766 0.5097 0.8773 0.5028 0.8805 0.4944 0.8797 0.4833 0.8766 0.4750 0.8688 0.4750 0.8656 0.4722
1 0.7398 0.4778 0.7375 0.4819 0.7383 0.4847 0.7359 0.4889 0.7336 0.5056 0.7305 0.5167 0.7320 0.5250 0.7359 0.5222 0.7406 0.5250 0.7453 0.5208 0.7453 0.5097 0.7477 0.4986 0.7477 0.4889 0.7445 0.4806 0.7406 0.4778
1 0.6758 0.4597 0.6734 0.4639 0.6703 0.4778 0.6711 0.4875 0.6695 0.4931 0.6695 0.5278 0.6734 0.5278 0.6813 0.5222 0.6789 0.5069 0.6805 0.4972 0.6797 0.4778 0.6813 0.4667 0.6781 0.4597
1 0.1539 0.3972 0.1523 0.4000 0.1523 0.4069 0.1500 0.4139 0.1492 0.4347 0.1492 0.4597 0.1539 0.4639 0.1586 0.4625 0.1602 0.4486 0.1602 0.4222 0.1570 0.4028 0.1547 0.3972