0 0.1891 0.5722 0.1844 0.5750 0.1547 0.5764 0.1289 0.5819 0.1164 0.5819 0.0844 0.5917 0.0789 0.5917 0.0586 0.6014 0.0406 0.6139 0.0133 0.6417 0.0016 0.6569 0.0000 0.6569 0.0000 0.9986 0.0633 0.9986 0.0648 0.9958 0.0695 0.9958 0.0859 0.9875 0.0914 0.9889 0.0992 0.9958 0.1117 0.9958 0.1125 0.9986 0.1172 0.9986 0.1187 0.9958 0.1195 0.9986 0.1242 0.9986 0.1258 0.9958 0.1352 0.9944 0.1461 0.9861 0.1492 0.9764 0.1539 0.9736 0.1539 0.9625 0.1562 0.9583 0.1562 0.9486 0.1609 0.9389 0.1602 0.9347 0.1633 0.9292 0.1680 0.9264 0.1711 0.9194 0.1781 0.9125 0.2031 0.8903 0.2406 0.8611 0.2562 0.8458 0.2602 0.8444 0.2687 0.8361 0.2711 0.8361 0.2758 0.8306 0.2789 0.8306 0.2844 0.8236 0.2906 0.8250 0.3016 0.8403 0.3094 0.8403 0.3148 0.8361 0.3148 0.8333 0.3195 0.8250 0.3195 0.8222 0.3242 0.8111 0.3234 0.8069 0.3281 0.7944 0.3273 0.7903 0.3289 0.7875 0.3289 0.7764 0.3344 0.7667 0.3359 0.7556 0.3359 0.7333 0.3352 0.7208 0.3328 0.7097 0.3328 0.6889 0.3305 0.6764 0.3305 0.6653 0.3266 0.6514 0.3258 0.6417 0.3180 0.6319 0.3148 0.6319 0.3031 0.6236 0.2828 0.6014 0.2797 0.5944 0.2750 0.5931 0.2633 0.5833 0.2500 0.5792 0.2203 0.5764 0.2180 0.5736 0.1898 0.5736
0 0.4219 0.5375 0.4195 0.5403 0.4062 0.5403 0.4031 0.5431 0.3680 0.5417 0.3648 0.5444 0.3578 0.5458 0.3516 0.5542 0.3492 0.5611 0.3453 0.5611 0.3430 0.5639 0.3414 0.5694 0.3359 0.5736 0.3312 0.5847 0.3289 0.5875 0.3258 0.5875 0.3281 0.5903 0.3242 0.5958 0.3242 0.6069 0.3211 0.6097 0.3180 0.6167 0.3102 0.6222 0.3125 0.6222 0.3164 0.6292 0.3227 0.6333 0.3281 0.6417 0.3328 0.6667 0.3328 0.6778 0.3344 0.6847 0.3336 0.6972 0.3359 0.7028 0.3422 0.7056 0.3609 0.7069 0.3648 0.7139 0.3719 0.7139 0.3781 0.7111 0.3930 0.7111 0.3953 0.7153 0.4062 0.7208 0.4109 0.7208 0.4156 0.7167 0.4180 0.7097 0.4188 0.6972 0.4211 0.6889 0.4266 0.6833 0.4289 0.6833 0.4328 0.6792 0.4391 0.6792 0.4437 0.6917 0.4516 0.6944 0.4562 0.6889 0.4602 0.6778 0.4609 0.6500 0.4625 0.6458 0.4609 0.6389 0.4609 0.6264 0.4625 0.6222 0.4617 0.6181 0.4648 0.6153 0.4625 0.6097 0.4633 0.5986 0.4609 0.5944 0.4656 0.5917 0.4617 0.5889 0.4586 0.5931 0.4539 0.5806 0.4539 0.5750 0.4500 0.5681 0.4484 0.5569 0.4461 0.5514 0.4422 0.5444 0.4359 0.5389 0.4313 0.5375
0 0.3289 0.5208 0.3258 0.5236 0.2969 0.5250 0.2820 0.5292 0.2742 0.5361 0.2711 0.5514 0.2664 0.5639 0.2641 0.5764 0.2672 0.5833 0.2797 0.5917 0.2828 0.5986 0.2930 0.6069 0.3023 0.6181 0.3156 0.6167 0.3195 0.6097 0.3234 0.6069 0.3266 0.5958 0.3266 0.5917 0.3320 0.5833 0.3328 0.5736 0.3414 0.5639 0.3469 0.5611 0.3500 0.5542 0.3633 0.5431 0.3805 0.5417 0.3820 0.5389 0.3812 0.5333 0.3758 0.5236 0.3711 0.5208
0 0.5219 0.5181 0.5000 0.5222 0.4922 0.5319 0.4836 0.5583 0.4828 0.5694 0.4813 0.5722 0.4820 0.5750 0.4742 0.5792 0.4734 0.5931 0.4742 0.6333 0.4773 0.6431 0.4852 0.6431 0.4867 0.6361 0.4898 0.6306 0.4961 0.6278 0.4992 0.6292 0.5055 0.6375 0.5109 0.6375 0.5211 0.6486 0.5273 0.6431 0.5328 0.6319 0.5352 0.6375 0.5391 0.6417 0.5523 0.6458 0.5586 0.6375 0.5594 0.6319 0.5625 0.6292 0.5625 0.6264 0.5641 0.6250 0.5664 0.6042 0.5680 0.6000 0.5680 0.5681 0.5641 0.5486 0.5609 0.5444 0.5602 0.5389 0.5508 0.5306 0.5477 0.5236 0.5391 0.5181
0 0.6359 0.5319 0.6266 0.5403 0.6242 0.5444 0.6250 0.5514 0.6219 0.5569 0.6195 0.5708 0.6188 0.6194 0.6219 0.6278 0.6266 0.6333 0.6344 0.6264 0.6547 0.6264 0.6648 0.6236 0.6734 0.6264 0.6797 0.6333 0.6852 0.6333 0.6859 0.5722 0.6836 0.5639 0.6836 0.5556 0.6820 0.5486 0.6758 0.5389 0.6711 0.5347 0.6477 0.5319
0 0.9961 0.5181 0.9844 0.5264 0.9703 0.5500 0.9680 0.5583 0.9602 0.5708 0.9578 0.5792 0.9539 0.5861 0.9523 0.5861 0.9484 0.5931 0.9414 0.5986 0.9352 0.6083 0.9289 0.6139 0.9242 0.6250 0.9234 0.6556 0.9211 0.6694 0.9234 0.7056 0.9227 0.7125 0.9242 0.7222 0.9234 0.7278 0.9258 0.7486 0.9305 0.7639 0.9367 0.7736 0.9484 0.7764 0.9516 0.7764 0.9563 0.7722 0.9594 0.7653 0.9617 0.7542 0.9609 0.7444 0.9625 0.7417 0.9680 0.7417 0.9703 0.7458 0.9719 0.7458 0.9742 0.7514 0.9797 0.7556 0.9859 0.7556 0.9906 0.7597 0.9961 0.7611 0.9977 0.7639 0.9961 0.7681 0.9992 0.7681 0.9992 0.5181
0 0.7937 0.5083 0.7914 0.5111 0.7859 0.5125 0.7859 0.5167 0.7828 0.5222 0.7742 0.5236 0.7734 0.5278 0.7672 0.5375 0.7641 0.5597 0.7594 0.5639 0.7570 0.5722 0.7570 0.5833 0.7547 0.5875 0.7547 0.5944 0.7531 0.6000 0.7539 0.6097 0.7555 0.6153 0.7633 0.6153 0.7711 0.6319 0.7773 0.6306 0.7820 0.6222 0.7914 0.6208 0.8086 0.6278 0.8172 0.6347 0.8219 0.6347 0.8281 0.6389 0.8289 0.6417 0.8352 0.6417 0.8406 0.6361 0.8430 0.6306 0.8445 0.6181 0.8469 0.6125 0.8492 0.5819 0.8477 0.5694 0.8414 0.5486 0.8422 0.5403 0.8383 0.5333 0.8383 0.5278 0.8336 0.5167 0.8336 0.5111 0.8305 0.5111 0.8273 0.5153 0.8211 0.5153 0.8180 0.5125 0.8078 0.5125 0.8008 0.5083
0 0.7359 0.5333 0.7266 0.5417 0.7266 0.5486 0.7234 0.5556 0.7242 0.5597 0.7227 0.5625 0.7195 0.5833 0.7219 0.5861 0.7258 0.5972 0.7344 0.6000 0.7422 0.6069 0.7508 0.6042 0.7484 0.5986 0.7523 0.5917 0.7531 0.5681 0.7508 0.5639 0.7555 0.5583 0.7594 0.5597 0.7633 0.5486 0.7648 0.5361 0.7547 0.5333
0 0.6875 0.5361 0.6867 0.5403 0.6844 0.5431 0.6836 0.5500 0.6867 0.5569 0.6937 0.5597 0.7023 0.5583 0.7031 0.5472 0.7008 0.5403 0.6969 0.5444 0.6914 0.5361
0 0.6406 0.4958 0.6266 0.4972 0.6227 0.5014 0.6211 0.5389 0.6219 0.5486 0.6258 0.5444 0.6305 0.5347 0.6344 0.5319 0.6617 0.5319 0.6633 0.5292 0.6641 0.5056 0.6625 0.5000 0.6594 0.4972 0.6508 0.4958
0 0.5758 0.5375 0.5672 0.5403 0.5648 0.5431 0.5695 0.5889 0.5711 0.5917 0.5766 0.5917 0.5805 0.5875 0.5914 0.5931 0.5992 0.5847 0.6055 0.5681 0.6055 0.5639 0.6039 0.5611 0.6039 0.5500 0.6023 0.5458 0.5914 0.5389 0.5766 0.5389