0 0.4844 0.6097 0.4570 0.6139 0.4523 0.6194 0.4523 0.6222 0.4500 0.6250 0.4469 0.6347 0.4430 0.6542 0.4406 0.6569 0.4391 0.6639 0.4391 0.6778 0.4383 0.6861 0.4367 0.6889 0.4367 0.7014 0.4344 0.7042 0.4344 0.7181 0.4359 0.7236 0.4352 0.7486 0.4359 0.7528 0.4398 0.7583 0.4461 0.7569 0.4508 0.7486 0.4617 0.7417 0.4719 0.7403 0.4781 0.7361 0.5023 0.7361 0.5047 0.7389 0.5094 0.7375 0.5117 0.7389 0.5203 0.7556 0.5250 0.7556 0.5281 0.7431 0.5273 0.7111 0.5289 0.7042 0.5273 0.6861 0.5258 0.6819 0.5258 0.6694 0.5242 0.6583 0.5195 0.6389 0.5164 0.6319 0.5133 0.6167 0.5109 0.6139 0.4977 0.6097
0 0.3922 0.6431 0.3875 0.6458 0.3828 0.6542 0.3828 0.6569 0.3789 0.6611 0.3766 0.6694 0.3766 0.6958 0.3773 0.7000 0.3805 0.7042 0.3898 0.7014 0.4000 0.6944 0.4078 0.6944 0.4148 0.7014 0.4242 0.7000 0.4273 0.6958 0.4273 0.6792 0.4234 0.6625 0.4148 0.6486 0.4148 0.6458 0.4055 0.6431
0 0.0000 0.6472 0.0000 0.7347 0.0109 0.7333 0.0156 0.7361 0.0250 0.7472 0.0312 0.7486 0.0539 0.7444 0.0625 0.7319 0.0719 0.7278 0.0750 0.7236 0.0781 0.7042 0.0805 0.7000 0.0797 0.6847 0.0758 0.6847 0.0734 0.6806 0.0672 0.6792 0.0648 0.6764 0.0430 0.6750 0.0359 0.6722 0.0250 0.6667 0.0164 0.6569 0.0023 0.6472
0 0.8797 0.6514 0.8742 0.6542 0.8578 0.6556 0.8477 0.6611 0.8250 0.6847 0.8109 0.6931 0.7844 0.6972 0.7789 0.6958 0.7695 0.7000 0.7633 0.7000 0.7562 0.7042 0.7531 0.7083 0.7500 0.7236 0.7516 0.7472 0.7633 0.7500 0.7664 0.7472 0.7656 0.7361 0.7680 0.7333 0.7695 0.7361 0.7680 0.7389 0.7695 0.7431 0.7680 0.7472 0.7758 0.7556 0.7805 0.7667 0.7859 0.7708 0.8039 0.7708 0.8078 0.7667 0.8117 0.7583 0.8141 0.7569 0.8242 0.7597 0.8539 0.7611 0.9039 0.7694 0.9164 0.7694 0.9195 0.7708 0.9313 0.7875 0.9406 0.7944 0.9516 0.7944 0.9602 0.7861 0.9656 0.7722 0.9820 0.7722 0.9867 0.7667 0.9867 0.7500 0.9844 0.7431 0.9883 0.7361 0.9875 0.7208 0.9898 0.7139 0.9906 0.7042 0.9617 0.6931 0.9570 0.6847 0.9437 0.6778 0.9352 0.6667 0.9281 0.6625 0.9086 0.6556 0.8805 0.6514
0 0.7750 0.6375 0.7719 0.6403 0.7648 0.6417 0.7555 0.6528 0.7477 0.6569 0.7406 0.6639 0.7359 0.6639 0.7273 0.6708 0.7203 0.6708 0.7180 0.6653 0.7148 0.6653 0.7125 0.6681 0.7008 0.6722 0.6953 0.6806 0.6937 0.7069 0.6961 0.7236 0.7000 0.7306 0.7039 0.7319 0.7109 0.7431 0.7203 0.7486 0.7359 0.7472 0.7406 0.7444 0.7438 0.7389 0.7477 0.7389 0.7492 0.7361 0.7492 0.7222 0.7516 0.7125 0.7594 0.7014 0.7937 0.6917 0.8078 0.6917 0.8258 0.6806 0.8336 0.6694 0.8375 0.6681 0.8492 0.6542 0.8617 0.6542 0.8648 0.6500 0.8664 0.6500 0.8672 0.6528 0.8727 0.6528 0.8742 0.6500 0.8703 0.6486 0.8695 0.6458 0.8680 0.6472 0.8695 0.6472 0.8703 0.6500 0.8672 0.6514 0.8602 0.6444 0.8305 0.6444 0.8273 0.6417 0.8117 0.6417 0.7859 0.6375
0 0.7320 0.6486 0.7266 0.6500 0.7227 0.6542 0.7156 0.6542 0.7086 0.6639 0.7016 0.6667 0.6730 0.6859 0.6901 0.7250 0.6933 0.6760 0.7477 0.6625 0.7523 0.6542 0.7487 0.6476 0.7328 0.6500
0 0.6142 0.6699 0.6422 0.6510 0.6759 0.6527 0.6691 0.6699 0.6335 0.6887 0.6181 0.6887
0 0.5950 0.6682 0.6345 0.6425 0.6256 0.6572 0.6401 0.6524 0.6395 0.6528 0.6253 0.6577 0.6206 0.6656 0.6142 0.6699 0.6152 0.6746 0.6037 0.6938 0.5987 0.6825
0 0.5875 0.6542 0.5781 0.6722 0.5828 0.6819 0.5852 0.6819 0.5938 0.6667 0.6237 0.6479 0.5914 0.6556 0.5883 0.6542
0 0.5808 0.6505 0.5803 0.6527 0.5795 0.6577 0.5771 0.6603 0.5761 0.6647 0.5771 0.6681 0.5719 0.6667 0.5758 0.6722 0.5797 0.6722 0.5844 0.6625 0.5914 0.6569 0.5797 0.6458
0 0.5687 0.6472 0.5617 0.6569 0.5617 0.6653 0.5641 0.6681 0.5750 0.6681 0.5781 0.6583 0.5781 0.6500 0.5758 0.6472
0 0.5281 0.6403 0.5258 0.6458 0.5312 0.6556 0.5367 0.6556 0.5414 0.6544 0.5422 0.6418 0.5375 0.6403
0 0.3492 0.6514 0.3422 0.6583 0.3375 0.6694 0.3375 0.6764 0.3398 0.6819 0.3609 0.6806 0.3633 0.6764 0.3633 0.6653 0.3578 0.6542 0.3539 0.6514