0 0.0297 0.4181 0.0000 0.4222 0.0000 0.5611 0.0047 0.5611 0.0086 0.5569 0.0148 0.5542 0.0375 0.5486 0.0453 0.5486 0.0523 0.5556 0.0570 0.5556 0.0609 0.5542 0.0648 0.5486 0.0727 0.5431 0.0836 0.5417 0.0883 0.5389 0.1016 0.5389 0.1109 0.5486 0.1234 0.5486 0.1305 0.5444 0.1406 0.5278 0.1516 0.5194 0.1547 0.5083 0.1547 0.5014 0.1523 0.4903 0.1531 0.4708 0.1477 0.4611 0.1422 0.4556 0.1297 0.4528 0.1227 0.4431 0.1180 0.4389 0.1094 0.4361 0.1039 0.4292 0.0891 0.4236 0.0602 0.4181
0 0.1648 0.4347 0.1562 0.4375 0.1492 0.4458 0.1469 0.4514 0.1492 0.4653 0.1516 0.4667 0.1539 0.4722 0.1547 0.4958 0.1578 0.5056 0.1609 0.5069 0.1719 0.5056 0.1750 0.5028 0.1852 0.5028 0.1898 0.5056 0.1984 0.5000 0.2070 0.5000 0.2109 0.4972 0.2117 0.4806 0.2094 0.4625 0.1977 0.4403 0.1906 0.4347
0 0.2547 0.4306 0.2383 0.4347 0.2281 0.4542 0.2250 0.4694 0.2250 0.4792 0.2258 0.4819 0.2297 0.4847 0.2641 0.4833 0.2781 0.4778 0.2812 0.4694 0.2789 0.4458 0.2711 0.4306
0 0.2930 0.4306 0.2867 0.4333 0.2820 0.4458 0.2820 0.4667 0.2852 0.4722 0.3141 0.4708 0.3141 0.4625 0.3156 0.4583 0.3148 0.4472 0.3063 0.4306
0 0.3258 0.4319 0.3234 0.4347 0.3180 0.4361 0.3156 0.4417 0.3156 0.4528 0.3180 0.4611 0.3258 0.4569 0.3359 0.4583 0.3422 0.4542 0.3391 0.4472 0.3383 0.4361 0.3336 0.4319
0 0.5156 0.3875 0.5078 0.3903 0.5016 0.3958 0.4992 0.4042 0.4969 0.4069 0.4914 0.4264 0.4914 0.4319 0.4883 0.4389 0.4883 0.4431 0.4852 0.4542 0.4844 0.4653 0.4828 0.4681 0.4773 0.4694 0.4758 0.4736 0.4758 0.4806 0.4781 0.4861 0.4758 0.4972 0.4789 0.5000 0.4828 0.5000 0.4828 0.5083 0.4859 0.5139 0.4898 0.5111 0.4914 0.5069 0.4914 0.5014 0.4938 0.5000 0.4977 0.5264 0.5008 0.5292 0.5062 0.5278 0.5109 0.5222 0.5172 0.5208 0.5203 0.5167 0.5367 0.5153 0.5398 0.5208 0.5484 0.5208 0.5523 0.5167 0.5578 0.5181 0.5617 0.5222 0.5641 0.5333 0.5719 0.5333 0.5750 0.5278 0.5750 0.5181 0.5797 0.5042 0.5797 0.4847 0.5820 0.4653 0.5820 0.4389 0.5773 0.4222 0.5742 0.4028 0.5711 0.3972 0.5633 0.3931 0.5570 0.3931 0.5531 0.3903 0.5312 0.3903 0.5258 0.3875
0 0.4852 0.4333 0.4820 0.4347 0.4758 0.4472 0.4703 0.4500 0.4695 0.4569 0.4648 0.4667 0.4656 0.4778 0.4641 0.4889 0.4664 0.5028 0.4766 0.5028 0.4797 0.4972 0.4773 0.4944 0.4781 0.4903 0.4766 0.4875 0.4766 0.4764 0.4781 0.4736 0.4773 0.4694 0.4797 0.4667 0.4805 0.4611 0.4820 0.4583 0.4859 0.4597 0.4883 0.4389 0.4867 0.4333
0 0.4648 0.4208 0.4594 0.4236 0.4570 0.4278 0.4562 0.4333 0.4523 0.4389 0.4523 0.4431 0.4508 0.4458 0.4469 0.4722 0.4469 0.4861 0.4508 0.4903 0.4555 0.4903 0.4586 0.4847 0.4633 0.4833 0.4648 0.4653 0.4781 0.4417 0.4789 0.4375 0.4859 0.4306 0.4859 0.4236 0.4719 0.4208
0 0.4422 0.4347 0.4391 0.4361 0.4383 0.4431 0.4344 0.4514 0.4328 0.4750 0.4352 0.4792 0.4422 0.4778 0.4430 0.4750 0.4469 0.4764 0.4477 0.4722 0.4484 0.4556 0.4508 0.4472 0.4477 0.4375 0.4430 0.4347
0 0.4289 0.4306 0.4242 0.4347 0.4188 0.4583 0.4188 0.4681 0.4234 0.4736 0.4297 0.4708 0.4328 0.4667 0.4336 0.4542 0.4383 0.4389 0.4437 0.4347 0.4398 0.4306
0 0.4156 0.4347 0.4148 0.4389 0.4117 0.4417 0.4086 0.4528 0.4086 0.4583 0.4117 0.4625 0.4156 0.4625 0.4195 0.4556 0.4203 0.4403 0.4195 0.4361 0.4164 0.4347
0 0.3531 0.4319 0.3492 0.4347 0.3492 0.4431 0.3516 0.4472 0.3586 0.4472 0.3617 0.4444 0.3609 0.4319
0 0.3867 0.4333 0.3820 0.4389 0.3805 0.4472 0.3820 0.4500 0.3922 0.4500 0.3930 0.4431 0.3891 0.4333
0 0.3680 0.4306 0.3641 0.4347 0.3641 0.4472 0.3672 0.4486 0.3727 0.4472 0.3734 0.4347 0.3695 0.4306
0 0.9836 0.4722 0.9773 0.4764 0.9547 0.4819 0.9430 0.4889 0.9352 0.5014 0.9344 0.5083 0.9313 0.5139 0.9305 0.5486 0.9320 0.5514 0.9391 0.5528 0.9445 0.5569 0.9500 0.5667 0.9570 0.5708 0.9664 0.5708 0.9766 0.5611 0.9898 0.5597 0.9992 0.5625 0.9992 0.4736 0.9922 0.4722