0 0.7898 0.3333 0.7719 0.3375 0.7609 0.3375 0.7445 0.3444 0.7312 0.3611 0.7312 0.3653 0.7281 0.3750 0.7273 0.3958 0.7250 0.4028 0.7258 0.4111 0.7242 0.4139 0.7242 0.4333 0.7219 0.4444 0.7227 0.4736 0.7258 0.4778 0.7438 0.4861 0.7469 0.4917 0.7477 0.4972 0.7500 0.5000 0.7516 0.5083 0.7562 0.5097 0.7617 0.5069 0.7633 0.5042 0.7656 0.5069 0.7734 0.5069 0.7781 0.5042 0.7828 0.4972 0.8039 0.4972 0.8133 0.5125 0.8156 0.5139 0.8344 0.5139 0.8391 0.5097 0.8445 0.4972 0.8656 0.4986 0.8828 0.4958 0.8961 0.5125 0.9078 0.5125 0.9109 0.5097 0.9172 0.4986 0.9289 0.4972 0.9484 0.4986 0.9570 0.5125 0.9695 0.5153 0.9781 0.5139 0.9836 0.5097 0.9906 0.5000 0.9914 0.4944 0.9938 0.4903 0.9969 0.4889 0.9977 0.4833 0.9992 0.4833 0.9992 0.4361 0.9969 0.4361 0.9938 0.4319 0.9898 0.4222 0.9859 0.4222 0.9805 0.4153 0.9711 0.4125 0.9664 0.4069 0.9617 0.4056 0.9586 0.3986 0.9555 0.3986 0.9508 0.3931 0.9469 0.3917 0.9352 0.3708 0.9234 0.3569 0.9148 0.3542 0.9094 0.3486 0.9039 0.3486 0.8945 0.3444 0.8562 0.3389 0.8500 0.3361 0.8242 0.3333
0 0.3375 0.3514 0.3180 0.3569 0.3258 0.3583 0.3273 0.3611 0.3266 0.3639 0.3234 0.3667 0.3219 0.3708 0.3133 0.3722 0.3117 0.3764 0.3070 0.3806 0.3047 0.3944 0.3055 0.4000 0.3039 0.4139 0.3047 0.4181 0.3086 0.4236 0.3102 0.4333 0.3164 0.4417 0.3219 0.4444 0.3258 0.4528 0.3297 0.4569 0.3414 0.4556 0.3453 0.4500 0.3500 0.4500 0.3531 0.4458 0.3555 0.4458 0.3594 0.4500 0.3844 0.4528 0.3875 0.4597 0.3883 0.4653 0.3922 0.4667 0.3977 0.4653 0.4023 0.4542 0.4039 0.4333 0.4039 0.4014 0.4008 0.3917 0.3906 0.3736 0.3875 0.3611 0.3594 0.3528 0.3445 0.3514
0 0.2906 0.3958 0.2938 0.3847 0.2969 0.3806 0.2969 0.3764 0.3000 0.3736 0.3008 0.3639 0.3031 0.3583 0.3156 0.3528 0.3242 0.3528 0.3265 0.3545 0.3180 0.3569 0.3258 0.3583 0.3273 0.3611 0.3271 0.3620 0.3258 0.3646 0.3234 0.3667 0.3219 0.3708 0.3188 0.3713 0.3172 0.3708 0.3166 0.3717 0.3133 0.3722 0.3117 0.3764 0.3070 0.3806 0.3047 0.3944 0.3055 0.4000 0.3039 0.4139 0.3047 0.4181 0.3084 0.4233 0.3063 0.4264 0.3047 0.4222 0.2984 0.4181 0.2984 0.4153 0.2945 0.4097 0.2922 0.3972
0 0.2805 0.3764 0.2836 0.3708 0.2852 0.3611 0.2891 0.3528 0.2898 0.3458 0.2977 0.3403 0.3063 0.3403 0.3117 0.3417 0.3133 0.3444 0.3180 0.3444 0.3219 0.3486 0.3172 0.3528 0.3156 0.3528 0.3111 0.3548 0.3086 0.3542 0.3031 0.3583 0.3008 0.3639 0.3000 0.3736 0.2969 0.3764 0.2969 0.3806 0.2938 0.3847 0.2906 0.3958 0.2922 0.3972 0.2934 0.4035 0.2922 0.4056 0.2859 0.4056 0.2828 0.4042 0.2812 0.4000
0 0.2750 0.3444 0.2711 0.3458 0.2664 0.3625 0.2656 0.3736 0.2633 0.3764 0.2664 0.3861 0.2695 0.3889 0.2789 0.3889 0.2797 0.3681 0.2867 0.3514 0.2836 0.3472 0.2758 0.3458
0 0.2445 0.3569 0.2453 0.3514 0.2477 0.3472 0.2555 0.3431 0.2625 0.3431 0.2687 0.3444 0.2695 0.3486 0.2664 0.3597 0.2664 0.3625 0.2663 0.3641 0.2641 0.3681 0.2636 0.3760 0.2633 0.3764 0.2635 0.3772 0.2633 0.3819 0.2602 0.3819 0.2562 0.3806 0.2469 0.3639 0.2469 0.3611
0 0.2039 0.3403 0.2023 0.3458 0.2047 0.3583 0.2086 0.3625 0.2156 0.3583 0.2203 0.3583 0.2211 0.3472 0.2203 0.3444 0.2148 0.3403 0.2070 0.3403
0 0.1820 0.3403 0.1852 0.3361 0.1859 0.3375 0.1938 0.3375 0.2016 0.3417 0.2027 0.3447 0.2023 0.3458 0.2047 0.3583 0.2054 0.3591 0.2039 0.3611 0.2055 0.3681 0.2016 0.3722 0.1930 0.3708 0.1852 0.3611 0.1844 0.3444
0 0.1656 0.3431 0.1672 0.3375 0.1719 0.3347 0.1750 0.3347 0.1828 0.3393 0.1820 0.3403 0.1839 0.3436 0.1836 0.3458 0.1845 0.3475 0.1852 0.3611 0.1866 0.3629 0.1875 0.3722 0.1820 0.3875 0.1789 0.3875 0.1734 0.3917 0.1711 0.3833 0.1719 0.3750 0.1742 0.3708 0.1742 0.3681 0.1703 0.3611 0.1680 0.3486
0 0.1133 0.3292 0.1102 0.3306 0.1078 0.3333 0.1086 0.3347 0.1242 0.3431 0.1281 0.3542 0.1336 0.3611 0.1352 0.3722 0.1383 0.3792 0.1383 0.3861 0.1398 0.3903 0.1414 0.4056 0.1437 0.4083 0.1539 0.4083 0.1664 0.3972 0.1711 0.3889 0.1711 0.3750 0.1727 0.3722 0.1688 0.3667 0.1688 0.3569 0.1641 0.3417 0.1609 0.3375 0.1586 0.3375 0.1539 0.3319 0.1484 0.3292
0 0.0477 0.3056 0.0445 0.3083 0.0328 0.3069 0.0133 0.3111 0.0000 0.3097 0.0000 0.4556 0.0063 0.4528 0.0172 0.4528 0.0211 0.4556 0.0258 0.4556 0.0367 0.4514 0.0539 0.4514 0.0602 0.4528 0.0625 0.4611 0.0664 0.4653 0.0758 0.4653 0.0797 0.4611 0.0836 0.4611 0.0875 0.4500 0.0914 0.4500 0.0938 0.4458 0.1047 0.4472 0.1102 0.4403 0.1125 0.4264 0.1117 0.4236 0.1141 0.4153 0.1117 0.4083 0.1117 0.3972 0.1094 0.3875 0.1094 0.3764 0.1125 0.3750 0.1133 0.3722 0.1078 0.3681 0.1031 0.3569 0.0992 0.3569 0.0977 0.3542 0.0984 0.3500 0.1031 0.3486 0.0953 0.3472 0.0945 0.3417 0.0859 0.3333 0.0781 0.3194 0.0766 0.3125 0.0617 0.3056
0 0.0942 0.3414 0.0945 0.3403 0.1023 0.3347 0.1086 0.3347 0.1242 0.3431 0.1281 0.3542 0.1336 0.3611 0.1352 0.3722 0.1383 0.3792 0.1383 0.3861 0.1398 0.3903 0.1406 0.3979 0.1406 0.4042 0.1352 0.4111 0.1313 0.4194 0.1266 0.4236 0.1141 0.4278 0.1125 0.4264 0.1122 0.4218 0.1141 0.4153 0.1117 0.4083 0.1117 0.3972 0.1094 0.3875 0.1094 0.3764 0.1125 0.3750 0.1133 0.3722 0.1078 0.3681 0.1031 0.3569 0.0992 0.3569 0.0977 0.3542 0.0984 0.3500 0.1031 0.3486 0.0953 0.3472 0.0945 0.3417