0 0.7156 0.5333 0.7000 0.5375 0.6883 0.5486 0.6734 0.5764 0.6703 0.5792 0.6695 0.5847 0.6641 0.5875 0.6609 0.5931 0.6547 0.6111 0.6539 0.6222 0.6523 0.6264 0.6539 0.6653 0.6555 0.6694 0.6539 0.6722 0.6547 0.6861 0.6594 0.6889 0.6656 0.6889 0.6734 0.6819 0.6891 0.6847 0.6922 0.6903 0.6937 0.6986 0.6930 0.7056 0.6992 0.7153 0.7078 0.7194 0.7109 0.7167 0.7109 0.7125 0.7125 0.7097 0.7180 0.7083 0.7195 0.7042 0.7195 0.6986 0.7242 0.6972 0.7461 0.7000 0.7516 0.6972 0.7625 0.7000 0.7828 0.6986 0.7891 0.7042 0.7953 0.7042 0.7992 0.7000 0.8023 0.7042 0.8109 0.7042 0.8203 0.7167 0.8352 0.7153 0.8414 0.7014 0.8469 0.6972 0.8500 0.6917 0.8516 0.6861 0.8531 0.6556 0.8508 0.6111 0.8469 0.5958 0.8414 0.5875 0.8281 0.5778 0.8258 0.5722 0.8219 0.5694 0.8055 0.5486 0.7961 0.5403 0.7859 0.5375 0.7516 0.5375 0.7477 0.5347 0.7164 0.5333
0 0.6422 0.4931 0.6398 0.4958 0.6109 0.5000 0.6023 0.5139 0.6016 0.5208 0.5984 0.5264 0.5938 0.5486 0.5922 0.5750 0.5852 0.6069 0.5859 0.6222 0.5836 0.6278 0.5875 0.6417 0.5969 0.6431 0.5992 0.6417 0.5992 0.6375 0.6023 0.6319 0.6078 0.6319 0.6109 0.6375 0.6148 0.6583 0.6180 0.6611 0.6227 0.6611 0.6328 0.6472 0.6453 0.6444 0.6500 0.6472 0.6523 0.6458 0.6539 0.6306 0.6539 0.6139 0.6570 0.6000 0.6602 0.5944 0.6609 0.5875 0.6633 0.5861 0.6664 0.5792 0.6719 0.5750 0.6891 0.5458 0.6969 0.5375 0.7016 0.5361 0.7047 0.5319 0.7117 0.5278 0.7125 0.5208 0.7109 0.5181 0.7102 0.5097 0.7055 0.5000 0.6922 0.4986 0.6852 0.4931 0.6430 0.4944
0 0.5891 0.5292 0.5867 0.5306 0.5797 0.5444 0.5742 0.5736 0.5727 0.5778 0.5695 0.5806 0.5680 0.5861 0.5672 0.5972 0.5680 0.6236 0.5711 0.6236 0.5766 0.6292 0.5836 0.6319 0.5883 0.6306 0.5859 0.6264 0.5883 0.6236 0.5891 0.6153 0.5875 0.6028 0.5891 0.5986 0.5898 0.5625 0.5906 0.5542 0.5930 0.5458 0.5945 0.5444 0.5961 0.5361 0.5953 0.5292
0 0.5367 0.5403 0.5328 0.5444 0.5344 0.5486 0.5305 0.5569 0.5297 0.5653 0.5266 0.5708 0.5266 0.5764 0.5234 0.5875 0.5250 0.5972 0.5273 0.5986 0.5289 0.6028 0.5383 0.6028 0.5469 0.6000 0.5602 0.6028 0.5648 0.5833 0.5648 0.5694 0.5625 0.5639 0.5648 0.5611 0.5648 0.5569 0.5641 0.5542 0.5609 0.5611 0.5594 0.5611 0.5570 0.5556 0.5602 0.5486 0.5563 0.5417 0.5375 0.5403
0 0.5086 0.5500 0.5055 0.5514 0.5008 0.5597 0.5000 0.5722 0.5008 0.5750 0.5055 0.5792 0.5141 0.5792 0.5156 0.5764 0.5172 0.5597 0.5133 0.5514 0.5102 0.5500
0 0.4820 0.5389 0.4742 0.5431 0.4711 0.5708 0.4711 0.5806 0.4734 0.5861 0.4938 0.5847 0.4945 0.5611 0.4922 0.5444 0.4828 0.5389
0 0.4328 0.5319 0.4273 0.5403 0.4250 0.5514 0.4250 0.5694 0.4273 0.5833 0.4313 0.5861 0.4445 0.5847 0.4469 0.5875 0.4508 0.5875 0.4547 0.5833 0.4555 0.5792 0.4531 0.5667 0.4531 0.5583 0.4500 0.5514 0.4477 0.5403 0.4414 0.5375 0.4328 0.5375 0.4320 0.5361 0.4359 0.5319
0 0.4562 0.5319 0.4531 0.5361 0.4539 0.5403 0.4523 0.5444 0.4570 0.5472 0.4539 0.5500 0.4531 0.5542 0.4555 0.5583 0.4555 0.5750 0.4602 0.5778 0.4633 0.5778 0.4656 0.5750 0.4664 0.5625 0.4656 0.5528 0.4633 0.5472 0.4625 0.5347 0.4586 0.5319
0 0.4000 0.5361 0.3789 0.5375 0.3766 0.5389 0.3727 0.5472 0.3680 0.5611 0.3664 0.5722 0.3641 0.5972 0.3641 0.6181 0.3695 0.6208 0.3766 0.6153 0.3812 0.6153 0.3852 0.6111 0.4047 0.6111 0.4086 0.6139 0.4102 0.6181 0.4156 0.6194 0.4250 0.6111 0.4266 0.5847 0.4234 0.5597 0.4172 0.5542 0.4148 0.5500 0.4125 0.5403 0.4078 0.5375 0.4008 0.5375
0 0.1125 0.4917 0.1031 0.4944 0.1094 0.4972 0.1125 0.5014 0.1164 0.5111 0.1156 0.5208 0.1172 0.5278 0.1234 0.5375 0.1258 0.5444 0.1281 0.5458 0.1359 0.5583 0.1375 0.5639 0.1484 0.5833 0.1500 0.5944 0.1586 0.6264 0.1617 0.6625 0.1703 0.6611 0.1742 0.6583 0.1797 0.6653 0.1922 0.6653 0.1977 0.6569 0.1977 0.6500 0.1992 0.6458 0.1992 0.6333 0.2008 0.6264 0.2008 0.6028 0.1992 0.5972 0.1992 0.5847 0.1961 0.5639 0.1930 0.5597 0.1930 0.5569 0.1891 0.5500 0.1883 0.5431 0.1852 0.5375 0.1695 0.5306 0.1656 0.5208 0.1492 0.5014 0.1367 0.4958 0.1266 0.4944 0.1234 0.4917
0 0.0000 0.3681 0.0000 0.7597 0.0133 0.7597 0.0148 0.7625 0.0297 0.7625 0.0320 0.7583 0.0875 0.7556 0.0945 0.7500 0.1492 0.7500 0.1539 0.7431 0.1547 0.7347 0.1578 0.7250 0.1602 0.6556 0.1570 0.6250 0.1523 0.6028 0.1500 0.5972 0.1469 0.5792 0.1430 0.5764 0.1383 0.5625 0.1344 0.5597 0.1195 0.5333 0.1172 0.5236 0.1148 0.5222 0.1133 0.5181 0.1117 0.5042 0.1102 0.5014 0.1031 0.5000 0.1000 0.4972 0.0703 0.4431 0.0641 0.4361 0.0516 0.4153 0.0281 0.3875 0.0016 0.3681
1 0.9273 0.4861 0.9234 0.4889 0.9227 0.4917 0.9227 0.5056 0.9211 0.5111 0.9117 0.5250 0.9102 0.5361 0.9078 0.5403 0.9070 0.5542 0.9086 0.5597 0.9078 0.5639 0.9102 0.5681 0.9109 0.5736 0.9195 0.5833 0.9148 0.5875 0.9148 0.5944 0.9164 0.5972 0.9148 0.6028 0.9164 0.6069 0.9117 0.6097 0.9117 0.6181 0.9180 0.6319 0.9195 0.6403 0.9195 0.6528 0.9219 0.6569 0.9227 0.6694 0.9250 0.6736 0.9266 0.6833 0.9305 0.6875 0.9352 0.6875 0.9367 0.6847 0.9367 0.6653 0.9391 0.6625 0.9391 0.6583 0.9406 0.6569 0.9406 0.6500 0.9437 0.6417 0.9453 0.6236 0.9469 0.6194 0.9469 0.5944 0.9477 0.5903 0.9516 0.5847 0.9523 0.5764 0.9523 0.5583 0.9500 0.5375 0.9453 0.5292 0.9453 0.5208 0.9398 0.5181 0.9359 0.5097 0.9352 0.4917 0.9313 0.4861
1 0.9539 0.4903 0.9508 0.4958 0.9500 0.5111 0.9398 0.5208 0.9445 0.5333 0.9453 0.5417 0.9492 0.5486 0.9508 0.5597 0.9484 0.5639 0.9531 0.5833 0.9523 0.5917 0.9484 0.5958 0.9508 0.6208 0.9484 0.6264 0.9492 0.6375 0.9500 0.6431 0.9516 0.6431 0.9539 0.6319 0.9555 0.6319 0.9570 0.6792 0.9586 0.6833 0.9617 0.6847 0.9711 0.6847 0.9758 0.6778 0.9766 0.6653 0.9750 0.6569 0.9727 0.6542 0.9742 0.6264 0.9734 0.6222 0.9766 0.5917 0.9758 0.5875 0.9781 0.5819 0.9820 0.5819 0.9836 0.5736 0.9836 0.5639 0.9812 0.5597 0.9797 0.5472 0.9750 0.5333 0.9750 0.5278 0.9633 0.5097 0.9625 0.4972 0.9586 0.4903
1 0.9875 0.4917 0.9844 0.4958 0.9844 0.5097 0.9828 0.5167 0.9742 0.5264 0.9742 0.5375 0.9789 0.5486 0.9805 0.5597 0.9836 0.5639 0.9844 0.5792 0.9875 0.5861 0.9859 0.5944 0.9820 0.5875 0.9812 0.5931 0.9828 0.5986 0.9875 0.6000 0.9891 0.6028 0.9875 0.6194 0.9898 0.6222 0.9977 0.6250 0.9992 0.6250 0.9992 0.5139 0.9969 0.5125 0.9961 0.5000 0.9945 0.4944 0.9914 0.4917