0 0.3453 0.4958 0.3227 0.4972 0.3133 0.5014 0.3047 0.5278 0.3070 0.5736 0.3086 0.5764 0.3125 0.5764 0.3344 0.5653 0.3469 0.5653 0.3531 0.5722 0.3570 0.5722 0.3648 0.5667 0.3648 0.5444 0.3664 0.5403 0.3648 0.5250 0.3578 0.5222 0.3570 0.5083 0.3531 0.5014 0.3461 0.4972
0 0.4227 0.4931 0.4109 0.4972 0.4117 0.5014 0.4078 0.5125 0.4078 0.5403 0.4242 0.5361 0.4320 0.5389 0.4352 0.5361 0.4352 0.5250 0.4336 0.5222 0.4336 0.5167 0.4234 0.4931
0 0.5289 0.4986 0.5234 0.5014 0.5188 0.5125 0.5195 0.5167 0.5172 0.5250 0.5172 0.5389 0.5203 0.5417 0.5531 0.5403 0.5523 0.5167 0.5484 0.5042 0.5437 0.4986
0 0.6453 0.4931 0.6305 0.4972 0.6281 0.5000 0.6266 0.5056 0.6281 0.5125 0.6281 0.5264 0.6305 0.5389 0.6383 0.5403 0.6453 0.5361 0.6625 0.5375 0.6734 0.5347 0.6758 0.5319 0.6766 0.5167 0.6750 0.5069 0.6703 0.5000 0.6664 0.4972 0.6609 0.4972 0.6555 0.4931
0 0.4625 0.4903 0.4562 0.4931 0.4523 0.5000 0.4508 0.5000 0.4477 0.5139 0.4477 0.5236 0.4500 0.5306 0.4555 0.5306 0.4594 0.5278 0.4734 0.5292 0.4750 0.5264 0.4758 0.5167 0.4711 0.5014 0.4703 0.4944 0.4641 0.4903
0 0.4828 0.4903 0.4766 0.4944 0.4742 0.5000 0.4781 0.5208 0.4969 0.5194 0.4969 0.5056 0.4938 0.4958 0.4906 0.4917 0.4867 0.4903
0 0.4430 0.4931 0.4328 0.5014 0.4352 0.5208 0.4469 0.5208 0.4477 0.4972 0.4437 0.4944
0 0.3758 0.5000 0.3688 0.5014 0.3703 0.5125 0.3672 0.5167 0.3672 0.5250 0.3688 0.5292 0.3688 0.5375 0.3703 0.5403 0.3734 0.5403 0.3750 0.5375 0.3922 0.5361 0.3914 0.5153 0.3859 0.5042 0.3773 0.5000
0 0.2883 0.4986 0.2828 0.5042 0.2812 0.5153 0.2828 0.5278 0.3000 0.5278 0.3023 0.5250 0.3031 0.5125 0.3008 0.5028 0.2984 0.4986
0 0.0203 0.5042 0.0000 0.5069 0.0000 0.5861 0.0023 0.5875 0.0125 0.5875 0.0203 0.5778 0.0367 0.5764 0.0398 0.5792 0.0500 0.5792 0.0570 0.5750 0.0586 0.5708 0.0586 0.5625 0.0609 0.5542 0.0555 0.5417 0.0539 0.5319 0.0469 0.5194 0.0406 0.5125 0.0297 0.5056 0.0211 0.5042
0 0.3594 0.4931 0.3547 0.4972 0.3563 0.5000 0.3609 0.5222 0.3680 0.5208 0.3672 0.5167 0.3688 0.5153 0.3664 0.4986 0.3617 0.4931
0 0.4023 0.4944 0.3969 0.4958 0.3953 0.4986 0.3945 0.5167 0.3961 0.5181 0.4047 0.5167 0.4070 0.5069 0.4070 0.4986 0.4039 0.4944