0 0.7203 0.4861 0.6891 0.4889 0.6836 0.4944 0.6758 0.4958 0.6695 0.5014 0.6656 0.5014 0.6617 0.5069 0.6570 0.5083 0.6469 0.5167 0.6398 0.5167 0.6398 0.5208 0.6383 0.5236 0.6328 0.5222 0.6328 0.5181 0.6305 0.5167 0.6023 0.5167 0.5992 0.5194 0.5875 0.5222 0.5836 0.5264 0.5789 0.5278 0.5742 0.5333 0.5602 0.5333 0.5453 0.5403 0.5406 0.5486 0.5375 0.5750 0.5336 0.5833 0.5359 0.6069 0.5430 0.6222 0.5531 0.6375 0.5555 0.6375 0.5594 0.6417 0.5672 0.6431 0.5758 0.6542 0.5836 0.6556 0.5914 0.6694 0.6039 0.6722 0.6148 0.6778 0.6305 0.6792 0.6391 0.6722 0.6586 0.6722 0.6641 0.6750 0.6766 0.6750 0.6820 0.6778 0.6984 0.6778 0.7086 0.6819 0.7141 0.6806 0.7188 0.6833 0.7195 0.6861 0.7133 0.6889 0.7281 0.6889 0.7352 0.6931 0.7641 0.6931 0.7711 0.6958 0.7758 0.6944 0.7883 0.6972 0.8023 0.7042 0.8102 0.7028 0.8141 0.7069 0.8258 0.7083 0.8344 0.7125 0.8445 0.7125 0.8578 0.7167 0.8680 0.7167 0.8734 0.7194 0.8781 0.7194 0.8805 0.7167 0.8883 0.7194 0.9242 0.7181 0.9273 0.7139 0.9313 0.7028 0.9328 0.6750 0.9320 0.6611 0.9336 0.6569 0.9336 0.6181 0.9320 0.6139 0.9328 0.6111 0.9313 0.5986 0.9242 0.5903 0.9234 0.5819 0.9203 0.5847 0.9164 0.5847 0.9109 0.5792 0.9094 0.5750 0.8859 0.5653 0.8781 0.5653 0.8641 0.5528 0.8617 0.5486 0.8453 0.5389 0.8414 0.5333 0.8250 0.5236 0.8211 0.5236 0.8141 0.5194 0.8102 0.5139 0.8063 0.5139 0.7945 0.5056 0.7859 0.5042 0.7781 0.5000 0.7609 0.4972 0.7516 0.4917 0.7406 0.4917 0.7211 0.4875
0 0.6633 0.4681 0.6297 0.4903 0.6250 0.4944 0.6227 0.5000 0.6188 0.4972 0.6102 0.4972 0.6070 0.5000 0.5898 0.5000 0.5859 0.5042 0.5820 0.5125 0.5820 0.5167 0.5797 0.5236 0.5758 0.5292 0.5836 0.5278 0.5859 0.5236 0.6000 0.5167 0.6078 0.5167 0.6109 0.5208 0.6227 0.5181 0.6266 0.5222 0.6289 0.5222 0.6297 0.5194 0.6391 0.5181 0.6469 0.5194 0.6523 0.5167 0.6500 0.5139 0.6531 0.5097 0.6578 0.5097 0.6742 0.4958 0.6844 0.4931 0.6898 0.4875 0.6961 0.4861 0.7289 0.4861 0.7391 0.4903 0.7523 0.4917 0.7531 0.4903 0.7484 0.4819 0.7344 0.4764 0.7047 0.4694 0.6836 0.4681
0 0.5719 0.4431 0.5648 0.4458 0.5602 0.4556 0.5477 0.4667 0.5508 0.4694 0.5500 0.4736 0.5453 0.4792 0.5430 0.4792 0.5367 0.4931 0.5422 0.5014 0.5445 0.5125 0.5492 0.5222 0.5523 0.5264 0.5633 0.5306 0.5750 0.5278 0.5781 0.5222 0.5852 0.5167 0.5852 0.5097 0.5914 0.5000 0.6086 0.4958 0.6227 0.4958 0.6344 0.4861 0.6406 0.4833 0.6430 0.4792 0.6617 0.4694 0.6609 0.4667 0.6547 0.4625 0.6359 0.4569 0.6211 0.4486 0.6023 0.4444 0.5727 0.4431
0 0.5469 0.4625 0.5367 0.4639 0.5297 0.4694 0.5289 0.4792 0.5305 0.4847 0.5367 0.4931 0.5414 0.4875 0.5422 0.4806 0.5445 0.4764 0.5484 0.4764 0.5508 0.4736 0.5523 0.4694 0.5508 0.4653 0.5523 0.4625
0 0.4758 0.4486 0.4727 0.4583 0.4742 0.4639 0.4930 0.4736 0.4961 0.4722 0.4992 0.4667 0.4984 0.4597 0.4922 0.4514 0.4828 0.4486
0 0.4375 0.4403 0.4313 0.4431 0.4305 0.4458 0.4258 0.4486 0.4242 0.4514 0.4250 0.4569 0.4297 0.4625 0.4461 0.4653 0.4594 0.4653 0.4617 0.4569 0.4609 0.4528 0.4562 0.4458 0.4437 0.4403
0 0.3688 0.4264 0.3680 0.4278 0.3703 0.4319 0.3781 0.4403 0.3844 0.4431 0.3875 0.4486 0.3945 0.4528 0.4000 0.4611 0.4047 0.4611 0.4086 0.4569 0.4086 0.4528 0.4062 0.4472 0.3953 0.4417 0.3812 0.4292 0.3727 0.4264
0 0.3453 0.4208 0.3453 0.4264 0.3500 0.4250 0.3648 0.4403 0.3727 0.4431 0.3773 0.4500 0.3836 0.4528 0.3859 0.4569 0.3867 0.4625 0.3922 0.4667 0.4000 0.4653 0.4023 0.4583 0.3961 0.4458 0.3773 0.4292 0.3727 0.4292 0.3609 0.4208
0 0.3344 0.4222 0.3320 0.4236 0.3336 0.4236 0.3445 0.4375 0.3492 0.4403 0.3563 0.4556 0.3570 0.4639 0.3609 0.4694 0.3750 0.4694 0.3922 0.4653 0.3922 0.4583 0.3867 0.4514 0.3750 0.4431 0.3727 0.4389 0.3609 0.4333 0.3500 0.4222
0 0.2820 0.4042 0.2805 0.4111 0.2820 0.4167 0.2961 0.4250 0.3055 0.4403 0.3070 0.4458 0.3117 0.4500 0.3117 0.4556 0.3133 0.4597 0.3133 0.4736 0.3172 0.4778 0.3414 0.4708 0.3586 0.4694 0.3594 0.4625 0.3563 0.4542 0.3570 0.4486 0.3500 0.4389 0.3453 0.4389 0.3430 0.4333 0.3336 0.4278 0.3312 0.4236 0.3266 0.4222 0.3211 0.4167 0.3117 0.4139 0.3031 0.4083 0.2867 0.4042
0 0.2664 0.4111 0.2719 0.4236 0.2711 0.4403 0.2727 0.4431 0.2711 0.4444 0.2711 0.4472 0.2734 0.4500 0.2727 0.4542 0.2750 0.4583 0.2734 0.4722 0.2750 0.4778 0.2781 0.4792 0.2820 0.4764 0.2828 0.4736 0.2812 0.4694 0.2828 0.4667 0.2883 0.4736 0.2875 0.4764 0.2844 0.4778 0.3102 0.4764 0.3117 0.4736 0.3125 0.4639 0.3109 0.4542 0.3063 0.4472 0.3063 0.4431 0.3000 0.4319 0.2914 0.4222 0.2750 0.4111
0 0.1727 0.3792 0.1656 0.3806 0.1578 0.3861 0.1570 0.3889 0.1586 0.3944 0.1633 0.4014 0.1719 0.4056 0.1750 0.4111 0.1828 0.4181 0.1922 0.4208 0.1992 0.4278 0.2141 0.4361 0.2188 0.4444 0.2203 0.4528 0.2266 0.4653 0.2250 0.4736 0.2203 0.4778 0.2203 0.4861 0.2344 0.4889 0.2437 0.4889 0.2500 0.4847 0.2664 0.4847 0.2789 0.4764 0.2852 0.4778 0.2891 0.4708 0.2875 0.4639 0.2898 0.4583 0.2867 0.4542 0.2945 0.4528 0.2961 0.4500 0.2953 0.4458 0.2891 0.4389 0.2812 0.4375 0.2789 0.4292 0.2758 0.4278 0.2703 0.4153 0.2656 0.4125 0.2602 0.4028 0.2516 0.3931 0.2219 0.3819 0.2039 0.3819 0.1883 0.3792
0 0.0578 0.3514 0.0445 0.3528 0.0437 0.3569 0.0461 0.3653 0.0609 0.3958 0.0617 0.4125 0.0602 0.4306 0.0609 0.4347 0.0594 0.4375 0.0594 0.4431 0.0617 0.4583 0.0617 0.4792 0.0633 0.4819 0.0930 0.4792 0.1359 0.4833 0.1469 0.4903 0.1531 0.4972 0.1586 0.4986 0.1914 0.4972 0.2016 0.4875 0.2164 0.4861 0.2180 0.4833 0.2180 0.4694 0.2203 0.4625 0.2156 0.4514 0.2102 0.4500 0.2000 0.4403 0.2000 0.4375 0.2047 0.4347 0.2000 0.4292 0.1953 0.4278 0.1938 0.4236 0.1875 0.4236 0.1742 0.4111 0.1688 0.4111 0.1641 0.4028 0.1508 0.3931 0.1461 0.3847 0.1344 0.3778 0.1313 0.3736 0.1281 0.3736 0.1227 0.3667 0.1023 0.3625 0.0906 0.3569 0.0719 0.3556 0.0609 0.3514
0 0.0000 0.3250 0.0000 0.5181 0.0086 0.5167 0.0164 0.5069 0.0320 0.4972 0.0523 0.4917 0.0578 0.4847 0.0609 0.4694 0.0609 0.4542 0.0578 0.4431 0.0602 0.4028 0.0531 0.3792 0.0445 0.3653 0.0398 0.3528 0.0406 0.3500 0.0391 0.3444 0.0367 0.3403 0.0281 0.3347 0.0187 0.3333 0.0031 0.3250