0 0.3836 0.5472 0.3578 0.5500 0.3453 0.5556 0.3422 0.5639 0.3305 0.5722 0.3258 0.5806 0.3250 0.5875 0.3219 0.5903 0.3195 0.5972 0.3148 0.6042 0.3133 0.6097 0.3133 0.6181 0.3109 0.6250 0.3125 0.6347 0.3109 0.6736 0.3141 0.7000 0.3141 0.7111 0.3180 0.7250 0.3227 0.7264 0.3266 0.7264 0.3297 0.7236 0.3344 0.7167 0.3383 0.7056 0.3461 0.7000 0.3578 0.6986 0.3633 0.7014 0.3789 0.7014 0.3805 0.7042 0.3844 0.7014 0.3875 0.7042 0.3930 0.7014 0.3953 0.7056 0.4031 0.7097 0.4078 0.7069 0.4117 0.7111 0.4148 0.7111 0.4203 0.7181 0.4250 0.7208 0.4328 0.7194 0.4359 0.7167 0.4398 0.7083 0.4430 0.7056 0.4508 0.7056 0.4539 0.7000 0.4555 0.6861 0.4562 0.6417 0.4539 0.6306 0.4547 0.6264 0.4508 0.6083 0.4492 0.6083 0.4437 0.5986 0.4430 0.5903 0.4383 0.5833 0.4391 0.5806 0.4352 0.5639 0.4313 0.5611 0.4289 0.5556 0.4164 0.5486 0.4008 0.5472
0 0.6984 0.5667 0.6898 0.5708 0.6750 0.5931 0.6695 0.5944 0.6680 0.6042 0.6641 0.6111 0.6641 0.6181 0.6609 0.6347 0.6617 0.6528 0.6648 0.6583 0.6742 0.6597 0.6891 0.6556 0.6906 0.6583 0.6898 0.6611 0.6930 0.6625 0.6969 0.6694 0.6992 0.6694 0.7008 0.6722 0.7117 0.6694 0.7328 0.6708 0.7359 0.6681 0.7445 0.6681 0.7555 0.6722 0.7633 0.6722 0.7664 0.6764 0.7758 0.6764 0.7797 0.6694 0.7797 0.6653 0.7836 0.6542 0.7836 0.6417 0.7852 0.6306 0.7828 0.6139 0.7797 0.6111 0.7766 0.6028 0.7664 0.5931 0.7594 0.5792 0.7484 0.5722 0.7266 0.5667
0 0.5469 0.4194 0.5406 0.4208 0.5336 0.4292 0.5297 0.4389 0.5164 0.4611 0.5148 0.4681 0.5148 0.4833 0.5133 0.4931 0.5133 0.5194 0.5148 0.5278 0.5133 0.5319 0.5133 0.5500 0.5148 0.5542 0.5148 0.5847 0.5172 0.5931 0.5234 0.5875 0.5297 0.5903 0.5266 0.5958 0.5273 0.5986 0.5227 0.6028 0.5227 0.6056 0.5250 0.6069 0.5273 0.6139 0.5227 0.6181 0.5242 0.6278 0.5227 0.6347 0.5289 0.6472 0.5352 0.6458 0.5367 0.6431 0.5414 0.6458 0.5430 0.6417 0.5375 0.6333 0.5359 0.6333 0.5352 0.6292 0.5453 0.6264 0.5336 0.6250 0.5320 0.6208 0.5344 0.6181 0.5312 0.6125 0.5328 0.6056 0.5305 0.5944 0.5328 0.5917 0.5391 0.5903 0.5445 0.5903 0.5492 0.5944 0.5484 0.6000 0.5516 0.6097 0.5523 0.6194 0.5586 0.6181 0.5586 0.6153 0.5531 0.6083 0.5531 0.5986 0.5563 0.5917 0.5602 0.5917 0.5625 0.5944 0.5633 0.6028 0.5633 0.6111 0.5609 0.6153 0.5609 0.6181 0.5641 0.6264 0.5687 0.6306 0.5766 0.6319 0.5781 0.6375 0.5820 0.6389 0.5875 0.6458 0.5938 0.6458 0.5930 0.6417 0.5953 0.6375 0.5992 0.6361 0.6000 0.6458 0.6109 0.6472 0.6109 0.6167 0.6086 0.6181 0.6062 0.6236 0.6062 0.6194 0.6031 0.6153 0.6023 0.6111 0.6039 0.6083 0.6039 0.5972 0.5961 0.5917 0.5992 0.5875 0.6016 0.5889 0.6031 0.5931 0.6055 0.5875 0.6070 0.5875 0.6039 0.5833 0.6070 0.5806 0.6109 0.5847 0.6125 0.5819 0.6234 0.5806 0.6281 0.5750 0.6289 0.5319 0.6273 0.5278 0.6273 0.4847 0.6258 0.4792 0.6250 0.4361 0.6227 0.4292 0.6203 0.4264 0.6117 0.4236 0.5695 0.4222 0.5531 0.4194
0 0.4422 0.5722 0.4391 0.5750 0.4391 0.5778 0.4422 0.5861 0.4445 0.5986 0.4484 0.6069 0.4523 0.6111 0.4562 0.6250 0.4664 0.6278 0.4703 0.6278 0.4703 0.5861 0.4664 0.5833 0.4625 0.5736 0.4594 0.5722
0 0.4820 0.5556 0.4773 0.5597 0.4766 0.5681 0.4734 0.5750 0.4750 0.5903 0.4742 0.5958 0.4844 0.5958 0.4898 0.6014 0.4945 0.5986 0.4945 0.5917 0.4930 0.5889 0.4938 0.5806 0.4898 0.5639 0.4898 0.5583 0.4859 0.5556
0 0.2672 0.5708 0.2625 0.5736 0.2555 0.5736 0.2406 0.5806 0.2375 0.5833 0.2281 0.6000 0.2250 0.6181 0.2250 0.6431 0.2273 0.6583 0.2352 0.6583 0.2406 0.6556 0.2477 0.6583 0.2633 0.6583 0.2719 0.6556 0.2867 0.6569 0.2922 0.6528 0.2945 0.6486 0.3023 0.6472 0.3031 0.6431 0.3063 0.6389 0.3070 0.6319 0.3070 0.6111 0.3047 0.6069 0.3047 0.6028 0.2984 0.5972 0.2953 0.5917 0.2938 0.5833 0.2914 0.5792 0.2797 0.5708
0 0.2828 0.5528 0.2797 0.5556 0.2656 0.5583 0.2594 0.5667 0.2594 0.5722 0.2828 0.5722 0.2898 0.5778 0.2945 0.5861 0.2969 0.5986 0.2992 0.6028 0.3016 0.6181 0.3047 0.6222 0.2992 0.6264 0.2984 0.6292 0.3000 0.6389 0.3023 0.6444 0.3063 0.6375 0.3055 0.6347 0.3070 0.6319 0.3070 0.6208 0.3102 0.6097 0.3102 0.6014 0.3133 0.5917 0.3125 0.5722 0.3109 0.5639 0.3078 0.5583 0.3016 0.5542 0.2836 0.5542
1 0.0672 0.5472 0.0648 0.5486 0.0656 0.5514 0.0578 0.5639 0.0570 0.5722 0.0523 0.5764 0.0516 0.5903 0.0500 0.5944 0.0492 0.6194 0.0508 0.6236 0.0539 0.6264 0.0523 0.6403 0.0531 0.6528 0.0508 0.6569 0.0500 0.6792 0.0477 0.6903 0.0484 0.7042 0.0508 0.7056 0.0531 0.7056 0.0578 0.7000 0.0609 0.6806 0.0641 0.6708 0.0664 0.6806 0.0656 0.6903 0.0672 0.7000 0.0695 0.7028 0.0750 0.7028 0.0773 0.6958 0.0789 0.6653 0.0805 0.6556 0.0805 0.6403 0.0820 0.6306 0.0852 0.6222 0.0852 0.6111 0.0836 0.6069 0.0836 0.5972 0.0852 0.5903 0.0836 0.5875 0.0875 0.5833 0.0859 0.5792 0.0859 0.5639 0.0773 0.5528 0.0773 0.5472
1 0.1406 0.5764 0.1383 0.5778 0.1320 0.5917 0.1297 0.6028 0.1305 0.6097 0.1320 0.6125 0.1320 0.6167 0.1305 0.6181 0.1328 0.6222 0.1328 0.6278 0.1352 0.6333 0.1352 0.6417 0.1383 0.6458 0.1453 0.6458 0.1484 0.6375 0.1484 0.5875 0.1477 0.5833 0.1422 0.5764
1 0.2156 0.5792 0.2117 0.5861 0.2094 0.5944 0.2125 0.6278 0.2164 0.6236 0.2164 0.6181 0.2180 0.6139 0.2180 0.6000 0.2195 0.5903 0.2164 0.5792
1 0.8594 0.5542 0.8531 0.5556 0.8516 0.5667 0.8484 0.5722 0.8484 0.5819 0.8445 0.5917 0.8430 0.6069 0.8414 0.6097 0.8414 0.6222 0.8438 0.6264 0.8438 0.6333 0.8492 0.6486 0.8500 0.6583 0.8516 0.6625 0.8516 0.6778 0.8492 0.6833 0.8508 0.6917 0.8531 0.6944 0.8625 0.6944 0.8688 0.6972 0.8727 0.6958 0.8734 0.6931 0.8734 0.6819 0.8680 0.6528 0.8672 0.6375 0.8695 0.6236 0.8695 0.5792 0.8680 0.5736 0.8688 0.5667 0.8641 0.5625 0.8609 0.5542
1 0.9539 0.5639 0.9508 0.5694 0.9484 0.5694 0.9461 0.5736 0.9430 0.5750 0.9414 0.5806 0.9430 0.5986 0.9406 0.6222 0.9391 0.6264 0.9406 0.6347 0.9406 0.6431 0.9391 0.6458 0.9430 0.6653 0.9453 0.7000 0.9508 0.7056 0.9555 0.7028 0.9570 0.6986 0.9578 0.6889 0.9563 0.6847 0.9555 0.6611 0.9617 0.6417 0.9633 0.6292 0.9641 0.6000 0.9672 0.5833 0.9664 0.5708 0.9586 0.5639