0 0.0484 0.3361 0.0453 0.3389 0.0297 0.3403 0.0203 0.3458 0.0172 0.3514 0.0164 0.3736 0.0141 0.3778 0.0000 0.3806 0.0000 0.4903 0.0063 0.4917 0.0406 0.4889 0.0430 0.4986 0.0492 0.5069 0.0523 0.5069 0.0602 0.5000 0.0648 0.4931 0.0680 0.4917 0.0719 0.4847 0.1000 0.4778 0.1180 0.4778 0.1219 0.4833 0.1250 0.4944 0.1289 0.4972 0.1359 0.4958 0.1391 0.4917 0.1406 0.4778 0.1445 0.4667 0.1445 0.4611 0.1469 0.4583 0.1445 0.4486 0.1445 0.4444 0.1461 0.4431 0.1414 0.4417 0.1414 0.4361 0.1383 0.4222 0.1305 0.4097 0.1258 0.4083 0.1227 0.4042 0.1219 0.3986 0.1234 0.3931 0.1172 0.3833 0.1156 0.3764 0.1164 0.3722 0.1031 0.3500 0.0875 0.3431 0.0797 0.3431 0.0758 0.3403 0.0648 0.3403 0.0500 0.3361
0 0.1711 0.3806 0.1656 0.3847 0.1430 0.3847 0.1383 0.3903 0.1234 0.4000 0.1234 0.4042 0.1266 0.4111 0.1344 0.4139 0.1367 0.4194 0.1406 0.4236 0.1422 0.4333 0.1437 0.4347 0.1453 0.4417 0.1461 0.4625 0.1484 0.4653 0.1539 0.4639 0.1602 0.4667 0.1656 0.4750 0.1805 0.4750 0.1844 0.4778 0.1938 0.4750 0.1984 0.4653 0.2062 0.4639 0.2102 0.4653 0.2133 0.4708 0.2211 0.4736 0.2250 0.4667 0.2266 0.4583 0.2266 0.4458 0.2289 0.4389 0.2281 0.4361 0.2250 0.4347 0.2250 0.4236 0.2172 0.4208 0.2148 0.4097 0.2125 0.4083 0.2062 0.3972 0.2016 0.3833 0.1930 0.3806
0 0.2633 0.3917 0.2531 0.4042 0.2531 0.4083 0.2508 0.4125 0.2508 0.4194 0.2492 0.4236 0.2508 0.4361 0.2523 0.4389 0.2609 0.4375 0.2766 0.4403 0.2922 0.4361 0.2945 0.4333 0.2953 0.4292 0.2953 0.4153 0.2930 0.4069 0.2930 0.4014 0.2906 0.3958 0.2797 0.3917
0 0.3242 0.3958 0.3187 0.4014 0.3164 0.4111 0.3141 0.4153 0.3125 0.4222 0.3141 0.4347 0.3266 0.4347 0.3297 0.4319 0.3445 0.4306 0.3469 0.4236 0.3477 0.4111 0.3445 0.4069 0.3461 0.4042 0.3445 0.4000 0.3383 0.3958
0 0.3758 0.4014 0.3719 0.4042 0.3695 0.4167 0.3703 0.4347 0.3719 0.4361 0.3898 0.4319 0.3969 0.4264 0.3969 0.4222 0.3945 0.4194 0.3945 0.4153 0.3883 0.4111 0.3859 0.4042 0.3805 0.4014
0 0.4266 0.3903 0.4227 0.3944 0.4195 0.3944 0.4133 0.4056 0.4125 0.4153 0.4141 0.4208 0.4180 0.4236 0.4289 0.4222 0.4367 0.4153 0.4344 0.4097 0.4344 0.4056 0.4273 0.3903
0 0.7289 0.4153 0.7242 0.4181 0.7188 0.4278 0.7156 0.4292 0.7125 0.4347 0.7117 0.4486 0.7133 0.4542 0.7219 0.4556 0.7273 0.4597 0.7320 0.4569 0.7414 0.4597 0.7500 0.4583 0.7586 0.4625 0.7617 0.4611 0.7625 0.4569 0.7656 0.4542 0.7648 0.4472 0.7625 0.4444 0.7625 0.4306 0.7562 0.4222 0.7477 0.4153
0 0.9078 0.4222 0.8961 0.4278 0.8844 0.4444 0.8797 0.4458 0.8711 0.4556 0.8688 0.4639 0.8688 0.4750 0.8719 0.4875 0.8750 0.4917 0.8805 0.4931 0.8836 0.4889 0.8992 0.4875 0.9055 0.4889 0.9109 0.4944 0.9172 0.4944 0.9227 0.4903 0.9289 0.4889 0.9383 0.4889 0.9492 0.4931 0.9547 0.5000 0.9602 0.5000 0.9797 0.4819 0.9805 0.4778 0.9773 0.4681 0.9758 0.4542 0.9555 0.4361 0.9523 0.4306 0.9273 0.4236 0.9086 0.4236
0 0.7086 0.4181 0.7063 0.4208 0.7039 0.4292 0.7039 0.4431 0.7063 0.4472 0.7055 0.4500 0.7070 0.4514 0.7109 0.4514 0.7102 0.4472 0.7117 0.4389 0.7180 0.4194 0.7156 0.4181
0 0.6852 0.4167 0.6836 0.4194 0.6844 0.4250 0.6813 0.4306 0.6805 0.4417 0.6813 0.4444 0.6875 0.4500 0.6977 0.4500 0.6992 0.4472 0.6992 0.4194 0.6906 0.4167
0 0.6687 0.4139 0.6656 0.4194 0.6664 0.4236 0.6641 0.4306 0.6648 0.4431 0.6758 0.4431 0.6789 0.4403 0.6805 0.4194 0.6703 0.4139
0 0.6273 0.4125 0.6211 0.4153 0.6156 0.4236 0.6164 0.4347 0.6359 0.4389 0.6398 0.4389 0.6430 0.4361 0.6430 0.4167 0.6367 0.4125
0 0.2129 0.4086 0.2133 0.4042 0.2164 0.4000 0.2281 0.3972 0.2320 0.3972 0.2406 0.4000 0.2430 0.4042 0.2445 0.4111 0.2445 0.4194 0.2469 0.4236 0.2477 0.4306 0.2461 0.4319 0.2461 0.4347 0.2383 0.4347 0.2320 0.4389 0.2266 0.4306 0.2250 0.4267 0.2250 0.4236 0.2236 0.4231 0.2227 0.4208 0.2167 0.4187 0.2148 0.4097
0 0.3047 0.4028 0.2984 0.4042 0.2961 0.4069 0.2984 0.4264 0.3047 0.4264 0.3102 0.4236 0.3117 0.4208 0.3125 0.4125 0.3117 0.4028
0 0.3883 0.4083 0.3937 0.4028 0.4023 0.4028 0.4078 0.4069 0.4117 0.4069 0.4109 0.4111 0.4125 0.4139 0.4125 0.4194 0.4109 0.4222 0.4000 0.4250 0.3930 0.4125
0 0.4664 0.4069 0.4594 0.4111 0.4586 0.4167 0.4625 0.4208 0.4695 0.4194 0.4711 0.4111 0.4672 0.4083
0 0.3398 0.3764 0.3359 0.3792 0.3352 0.3889 0.3391 0.3958 0.3461 0.3986 0.3516 0.4056 0.3594 0.4014 0.3648 0.3931 0.3633 0.3875 0.3648 0.3833 0.3633 0.3806 0.3539 0.3764