0 0.6008 0.4931 0.5945 0.4986 0.5906 0.5194 0.5883 0.5236 0.5836 0.5236 0.5820 0.5264 0.5797 0.5431 0.5797 0.5625 0.5906 0.5694 0.6062 0.5639 0.6148 0.5694 0.6281 0.5708 0.6359 0.5681 0.6383 0.5597 0.6367 0.5458 0.6367 0.5125 0.6344 0.5042 0.6312 0.5000 0.6227 0.4958 0.6062 0.4931
0 0.5563 0.5069 0.5492 0.5167 0.5484 0.5236 0.5469 0.5208 0.5477 0.5181 0.5445 0.5167 0.5375 0.5264 0.5375 0.5292 0.5398 0.5319 0.5398 0.5403 0.5445 0.5486 0.5664 0.5472 0.5742 0.5500 0.5766 0.5500 0.5797 0.5444 0.5797 0.5319 0.5820 0.5236 0.5813 0.5167 0.5797 0.5125 0.5672 0.5111 0.5602 0.5069
0 0.5289 0.4972 0.5250 0.5000 0.5234 0.5069 0.5234 0.5347 0.5297 0.5361 0.5406 0.5153 0.5445 0.5125 0.5445 0.5083 0.5422 0.5014 0.5297 0.4986
0 0.5008 0.5056 0.4922 0.5069 0.4883 0.5097 0.4875 0.5125 0.4898 0.5167 0.4852 0.5208 0.4820 0.5319 0.4820 0.5500 0.4852 0.5528 0.4930 0.5472 0.5055 0.5472 0.5133 0.5528 0.5172 0.5528 0.5188 0.5375 0.5188 0.5250 0.5172 0.5181 0.4938 0.5194 0.4906 0.5167 0.4930 0.5139 0.4984 0.5139 0.5016 0.5111 0.5055 0.5111 0.5094 0.5153 0.5141 0.5139 0.5133 0.5083 0.5023 0.5056
0 0.3398 0.5028 0.3297 0.5042 0.3211 0.5083 0.3172 0.5125 0.3125 0.5250 0.3109 0.5403 0.3180 0.5528 0.3172 0.5583 0.3242 0.5625 0.3328 0.5583 0.3555 0.5597 0.3586 0.5556 0.3578 0.5306 0.3555 0.5194 0.3508 0.5069 0.3461 0.5028
0 0.3594 0.5153 0.3570 0.5167 0.3570 0.5306 0.3602 0.5528 0.3680 0.5528 0.3719 0.5486 0.3703 0.5389 0.3703 0.5264 0.3656 0.5167 0.3633 0.5153
0 0.3805 0.5139 0.3766 0.5167 0.3727 0.5278 0.3734 0.5403 0.3766 0.5486 0.3945 0.5444 0.4008 0.5389 0.4008 0.5292 0.3969 0.5167 0.3937 0.5139
0 0.4078 0.5083 0.3977 0.5125 0.3977 0.5167 0.4008 0.5222 0.4023 0.5319 0.4047 0.5361 0.4078 0.5375 0.4164 0.5361 0.4156 0.5167 0.4109 0.5097 0.4086 0.5097
0 0.4234 0.5097 0.4180 0.5125 0.4195 0.5333 0.4289 0.5333 0.4336 0.5292 0.4328 0.5153 0.4297 0.5111 0.4258 0.5097
0 0.4422 0.5097 0.4352 0.5125 0.4352 0.5292 0.4477 0.5278 0.4492 0.5250 0.4477 0.5139 0.4437 0.5097
0 0.4508 0.5125 0.4508 0.5222 0.4586 0.5208 0.4602 0.5181 0.4602 0.5139 0.4586 0.5125