0 0.8922 0.4306 0.8539 0.4361 0.8500 0.4403 0.8445 0.4403 0.8414 0.4444 0.8375 0.4444 0.8328 0.4500 0.8281 0.4500 0.8258 0.4556 0.8203 0.4597 0.8180 0.4653 0.8109 0.4694 0.8063 0.4792 0.8031 0.4806 0.8000 0.4903 0.8000 0.5458 0.8016 0.5528 0.8008 0.5597 0.7992 0.5625 0.7898 0.5639 0.7875 0.5597 0.7867 0.5542 0.7695 0.5569 0.7672 0.5597 0.7633 0.5556 0.7578 0.5583 0.7570 0.5597 0.7602 0.5597 0.7625 0.5625 0.7672 0.5597 0.7719 0.5639 0.7672 0.5736 0.7633 0.5681 0.7633 0.5653 0.7633 0.5681 0.7578 0.5750 0.7570 0.5792 0.7539 0.5833 0.7539 0.5875 0.7508 0.5917 0.7555 0.5931 0.7570 0.5958 0.7547 0.5986 0.7547 0.6028 0.7477 0.6042 0.7445 0.6069 0.7547 0.6083 0.7562 0.6125 0.7555 0.6181 0.7531 0.6222 0.7492 0.6208 0.7477 0.6181 0.7430 0.6194 0.7383 0.6139 0.7383 0.6111 0.7422 0.6083 0.7430 0.6056 0.7398 0.6014 0.7359 0.6028 0.7336 0.5986 0.7336 0.5944 0.7383 0.5903 0.7359 0.5889 0.7320 0.5792 0.7281 0.6069 0.7320 0.6111 0.7312 0.6236 0.7328 0.6250 0.7562 0.6222 0.7586 0.6264 0.7570 0.6306 0.7570 0.6361 0.7531 0.6417 0.7555 0.6458 0.7555 0.6486 0.7523 0.6514 0.7492 0.6458 0.7500 0.6375 0.7477 0.6333 0.7430 0.6347 0.7398 0.6278 0.7383 0.6278 0.7367 0.6347 0.7344 0.6375 0.7352 0.6542 0.7383 0.6583 0.7422 0.6736 0.7414 0.6778 0.7445 0.6806 0.7422 0.6847 0.7492 0.6819 0.7500 0.6847 0.7727 0.6847 0.7836 0.6875 0.7883 0.6847 0.7906 0.6806 0.7937 0.6833 0.7992 0.6833 0.8039 0.6806 0.8227 0.6806 0.8258 0.6833 0.8289 0.6792 0.8359 0.6792 0.8375 0.6764 0.8406 0.6792 0.8531 0.6792 0.8586 0.6847 0.8539 0.6889 0.8344 0.6889 0.8570 0.6903 0.8625 0.6944 0.8703 0.6931 0.8727 0.6958 0.8758 0.6903 0.8805 0.6917 0.8875 0.7000 0.8852 0.7042 0.8930 0.7083 0.8977 0.7153 0.8977 0.7194 0.9047 0.7319 0.9055 0.7389 0.9086 0.7472 0.9086 0.7514 0.9117 0.7542 0.9156 0.7625 0.9344 0.7681 0.9414 0.7653 0.9430 0.7625 0.9453 0.7653 0.9484 0.7653 0.9500 0.7681 0.9570 0.7639 0.9578 0.7625 0.9563 0.7514 0.9586 0.7486 0.9617 0.7514 0.9609 0.7556 0.9664 0.7583 0.9688 0.7472 0.9672 0.7389 0.9703 0.7250 0.9742 0.7222 0.9797 0.7278 0.9773 0.7319 0.9828 0.7319 0.9852 0.7250 0.9883 0.7236 0.9859 0.7194 0.9883 0.7167 0.9883 0.7139 0.9914 0.7097 0.9945 0.7097 0.9945 0.7028 0.9992 0.7028 0.9992 0.6944 0.9969 0.6931 0.9969 0.6903 0.9992 0.6889 0.9992 0.5028 0.9977 0.5028 0.9969 0.4986 0.9922 0.4917 0.9844 0.4875 0.9766 0.4764 0.9695 0.4722 0.9695 0.4681 0.9750 0.4653 0.9695 0.4639 0.9656 0.4667 0.9602 0.4597 0.9539 0.4569 0.9406 0.4444 0.9227 0.4361 0.9164 0.4361 0.9023 0.4306
0 0.7203 0.4111 0.7164 0.4139 0.7047 0.4125 0.6719 0.4153 0.6609 0.4194 0.6531 0.4278 0.6461 0.4292 0.6344 0.4375 0.6281 0.4500 0.6258 0.4625 0.6180 0.4778 0.6172 0.4931 0.6156 0.5000 0.6141 0.5014 0.6148 0.5042 0.6133 0.5069 0.6062 0.5097 0.6031 0.5139 0.5992 0.5250 0.5953 0.5389 0.5945 0.5597 0.5953 0.6056 0.5977 0.6181 0.6000 0.6222 0.6148 0.6222 0.6227 0.6028 0.6305 0.5986 0.6344 0.5889 0.6398 0.6139 0.6391 0.6181 0.6414 0.6347 0.6430 0.6361 0.6453 0.6486 0.6484 0.6514 0.6539 0.6514 0.6578 0.6444 0.6672 0.6389 0.6711 0.6389 0.6734 0.6431 0.6797 0.6458 0.6867 0.6458 0.6883 0.6431 0.6930 0.6431 0.6969 0.6375 0.7016 0.6375 0.7070 0.6417 0.7094 0.6417 0.7125 0.6375 0.7227 0.6403 0.7312 0.6389 0.7312 0.6264 0.7336 0.6222 0.7336 0.6181 0.7305 0.6111 0.7320 0.6083 0.7320 0.6014 0.7305 0.5986 0.7320 0.5903 0.7297 0.5806 0.7312 0.5750 0.7297 0.5639 0.7320 0.5597 0.7336 0.5486 0.7352 0.5139 0.7430 0.4778 0.7445 0.4750 0.7484 0.4736 0.7500 0.4681 0.7555 0.4653 0.7562 0.4611 0.7633 0.4583 0.7641 0.4542 0.7688 0.4528 0.7703 0.4500 0.7695 0.4472 0.7758 0.4375 0.7812 0.4375 0.7828 0.4444 0.7891 0.4458 0.7867 0.4500 0.7883 0.4528 0.7875 0.4583 0.7891 0.4611 0.7891 0.4653 0.7961 0.4778 0.7984 0.4889 0.7992 0.4875 0.8000 0.4806 0.8016 0.4778 0.8016 0.4708 0.7984 0.4681 0.7969 0.4625 0.7937 0.4583 0.7945 0.4542 0.7922 0.4500 0.7906 0.4403 0.7891 0.4389 0.7891 0.4278 0.7828 0.4167 0.7750 0.4111 0.7641 0.4139 0.7281 0.4111
0 0.5133 0.4778 0.4953 0.4792 0.4883 0.4819 0.4906 0.4847 0.4906 0.4903 0.4859 0.4903 0.4852 0.4931 0.4820 0.4931 0.4805 0.5083 0.4781 0.5125 0.4805 0.5167 0.4789 0.5208 0.4797 0.5264 0.4781 0.5292 0.4742 0.5292 0.4734 0.5472 0.4742 0.5514 0.4828 0.5528 0.4898 0.5528 0.4930 0.5444 0.5008 0.5403 0.5062 0.5431 0.5094 0.5514 0.5172 0.5486 0.5266 0.5528 0.5289 0.5500 0.5297 0.5361 0.5312 0.5306 0.5297 0.5056 0.5242 0.4833 0.5211 0.4792 0.5172 0.4778
0 0.4703 0.4903 0.4609 0.4931 0.4570 0.4972 0.4570 0.5028 0.4547 0.5083 0.4516 0.5250 0.4523 0.5375 0.4547 0.5403 0.4602 0.5403 0.4609 0.5375 0.4648 0.5347 0.4672 0.5347 0.4703 0.5389 0.4711 0.5375 0.4734 0.5292 0.4742 0.5167 0.4781 0.5069 0.4789 0.4986 0.4781 0.4931 0.4711 0.4917
0 0.4352 0.4944 0.4313 0.4986 0.4281 0.5083 0.4281 0.5181 0.4250 0.5250 0.4281 0.5292 0.4477 0.5292 0.4500 0.5250 0.4508 0.5097 0.4492 0.4972 0.4469 0.4944
0 0.4195 0.4944 0.4172 0.4986 0.4148 0.5083 0.4148 0.5153 0.4172 0.5250 0.4227 0.5250 0.4281 0.5125 0.4313 0.4958 0.4266 0.4944
0 0.3336 0.5125 0.3367 0.5208 0.3367 0.5278 0.3414 0.5361 0.3461 0.5361 0.3508 0.5306 0.3500 0.5181 0.3477 0.5153 0.3406 0.5153 0.3344 0.5125
0 0.3180 0.5097 0.3039 0.5139 0.3117 0.5167 0.3172 0.5264 0.3172 0.5319 0.3195 0.5347 0.3180 0.5403 0.3258 0.5458 0.3297 0.5444 0.3344 0.5375 0.3375 0.5361 0.3367 0.5278 0.3336 0.5125 0.3297 0.5097 0.3203 0.5097
0 0.3125 0.5097 0.3000 0.5125 0.2938 0.5194 0.2938 0.5292 0.2984 0.5500 0.3195 0.5486 0.3242 0.5458 0.3297 0.5458 0.3375 0.5361 0.3344 0.5278 0.3344 0.5236 0.3258 0.5139 0.3156 0.5097
0 0.2703 0.5194 0.2609 0.5222 0.2570 0.5292 0.2594 0.5597 0.2633 0.5639 0.2711 0.5639 0.2750 0.5611 0.2859 0.5597 0.2945 0.5500 0.2945 0.5472 0.2914 0.5514 0.2898 0.5500 0.2914 0.5431 0.2898 0.5403 0.2883 0.5306 0.2844 0.5236 0.2797 0.5194
0 0.2352 0.5083 0.2258 0.5125 0.2195 0.5125 0.2156 0.5181 0.2078 0.5208 0.2164 0.5222 0.2328 0.5542 0.2328 0.5597 0.2352 0.5667 0.2359 0.5847 0.2469 0.5792 0.2562 0.5792 0.2602 0.5750 0.2578 0.5333 0.2555 0.5264 0.2508 0.5194 0.2484 0.5111 0.2453 0.5083
0 0.2023 0.5208 0.1812 0.5278 0.1758 0.5361 0.1773 0.5417 0.1852 0.5528 0.1844 0.5569 0.1867 0.5667 0.1867 0.5917 0.1891 0.6000 0.2125 0.5944 0.2211 0.5958 0.2266 0.5917 0.2359 0.5889 0.2375 0.5833 0.2375 0.5764 0.2336 0.5556 0.2281 0.5486 0.2289 0.5444 0.2258 0.5417 0.2195 0.5250 0.2156 0.5208
0 0.1477 0.5250 0.1305 0.5278 0.1227 0.5319 0.1070 0.5333 0.0969 0.5403 0.0961 0.5444 0.1000 0.5500 0.1023 0.5597 0.1047 0.5639 0.1039 0.5889 0.1094 0.6111 0.1102 0.6250 0.1133 0.6292 0.1227 0.6264 0.1266 0.6222 0.1422 0.6222 0.1492 0.6292 0.1547 0.6292 0.1578 0.6278 0.1656 0.6111 0.1727 0.6125 0.1758 0.6153 0.1820 0.6153 0.1859 0.6097 0.1859 0.5639 0.1836 0.5583 0.1836 0.5514 0.1727 0.5333 0.1602 0.5250
0 0.0586 0.5111 0.0437 0.5167 0.0281 0.5181 0.0219 0.5222 0.0000 0.5250 0.0000 0.5903 0.0047 0.5931 0.0055 0.5958 0.0078 0.5917 0.0117 0.5944 0.0094 0.6000 0.0055 0.6000 0.0039 0.6028 0.0055 0.6069 0.0063 0.6306 0.0023 0.6431 0.0031 0.6500 0.0000 0.6528 0.0023 0.6556 0.0039 0.6667 0.0133 0.6708 0.0164 0.6667 0.0328 0.6667 0.0359 0.6694 0.0406 0.6694 0.0430 0.6736 0.0453 0.6736 0.0516 0.6792 0.0602 0.6792 0.0656 0.6736 0.0688 0.6611 0.0695 0.6514 0.0719 0.6472 0.0844 0.6417 0.0875 0.6347 0.0930 0.6361 0.0945 0.6458 0.0984 0.6514 0.1062 0.6528 0.1109 0.6417 0.1109 0.6306 0.1125 0.6264 0.1102 0.6222 0.1086 0.6028 0.1039 0.5847 0.1047 0.5694 0.1023 0.5556 0.0977 0.5486 0.0961 0.5417 0.0844 0.5222 0.0766 0.5153 0.0617 0.5111
0 0.5984 0.4875 0.5914 0.4917 0.5852 0.5014 0.5852 0.5181 0.5906 0.5292 0.5953 0.5292 0.6000 0.5139 0.6062 0.5014 0.6039 0.4972 0.6031 0.4889 0.6008 0.4875
0 0.5633 0.4889 0.5617 0.4931 0.5539 0.4958 0.5477 0.5208 0.5508 0.5250 0.5609 0.5250 0.5633 0.5306 0.5641 0.5486 0.5719 0.5472 0.5742 0.5431 0.5766 0.5097 0.5750 0.5069 0.5750 0.5000 0.5773 0.4972 0.5727 0.4917 0.5680 0.4917 0.5656 0.4889