0 0.6813 0.5083 0.6328 0.5167 0.6320 0.5292 0.6281 0.5431 0.6289 0.5500 0.6266 0.5556 0.6273 0.5597 0.6250 0.5625 0.6250 0.5722 0.6266 0.5819 0.6258 0.5875 0.6273 0.5903 0.6273 0.6028 0.6305 0.6083 0.6336 0.6097 0.6484 0.6042 0.6547 0.6042 0.6578 0.6083 0.6633 0.6083 0.6687 0.6069 0.6727 0.6028 0.6781 0.6028 0.6828 0.6069 0.6867 0.6069 0.6922 0.6014 0.7008 0.5986 0.7023 0.5958 0.7039 0.5903 0.7031 0.5875 0.7063 0.5792 0.7055 0.5681 0.7039 0.5653 0.7039 0.5625 0.7063 0.5597 0.7039 0.5556 0.7047 0.5514 0.7023 0.5181 0.7008 0.5139 0.6898 0.5083
0 0.7164 0.5639 0.7109 0.5667 0.7063 0.5722 0.7047 0.5764 0.7031 0.5986 0.7125 0.6014 0.7164 0.6014 0.7195 0.5986 0.7250 0.6000 0.7289 0.5986 0.7336 0.5917 0.7375 0.5764 0.7367 0.5681 0.7352 0.5653 0.7172 0.5653
0 0.7414 0.5583 0.7383 0.5625 0.7375 0.5736 0.7383 0.5917 0.7398 0.5958 0.7500 0.5931 0.7617 0.5931 0.7648 0.5903 0.7656 0.5778 0.7633 0.5681 0.7602 0.5625 0.7531 0.5583
0 0.7789 0.5583 0.7773 0.5597 0.7773 0.5639 0.7641 0.5626 0.7688 0.5708 0.7672 0.5750 0.7668 0.5918 0.7828 0.5931 0.7867 0.5847 0.7867 0.5722 0.7852 0.5639 0.7828 0.5597 0.7797 0.5597
0 0.7930 0.5597 0.7875 0.5667 0.7867 0.5806 0.7891 0.5889 0.7922 0.5917 0.7933 0.5833 0.7951 0.5855 0.7964 0.5832 0.8046 0.5847 0.8053 0.5705 0.8013 0.5609
0 0.8078 0.5611 0.8055 0.5653 0.8055 0.5722 0.8078 0.5792 0.8063 0.5833 0.8102 0.5861 0.8203 0.5764 0.8180 0.5639 0.8141 0.5639 0.8117 0.5611
0 0.8289 0.5569 0.8266 0.5597 0.8266 0.5625 0.8227 0.5708 0.8227 0.5736 0.8258 0.5792 0.8289 0.5806 0.8313 0.5792 0.8328 0.5722 0.8320 0.5583 0.8305 0.5569
1 0.2828 0.5750 0.2797 0.5944 0.2797 0.6028 0.2844 0.6181 0.2859 0.6375 0.2891 0.6431 0.2984 0.6417 0.2953 0.6417 0.2938 0.6375 0.2945 0.6167 0.2930 0.5917 0.2883 0.5833 0.2875 0.5778 0.2852 0.5750
1 0.3602 0.5750 0.3578 0.5792 0.3555 0.5903 0.3555 0.6069 0.3578 0.6153 0.3563 0.6250 0.3570 0.6375 0.3594 0.6306 0.3625 0.6306 0.3648 0.6347 0.3688 0.6306 0.3656 0.6208 0.3672 0.6097 0.3672 0.5903 0.3656 0.5861 0.3656 0.5792 0.3625 0.5750
1 0.4703 0.5736 0.4695 0.5764 0.4664 0.5778 0.4609 0.5903 0.4633 0.6083 0.4625 0.6222 0.4633 0.6264 0.4664 0.6292 0.4688 0.6250 0.4711 0.6125 0.4734 0.6069 0.4742 0.5903 0.4703 0.5764
1 0.9586 0.5097 0.9555 0.5125 0.9516 0.5208 0.9492 0.5458 0.9500 0.5500 0.9547 0.5583 0.9531 0.5653 0.9586 0.5875 0.9586 0.5917 0.9641 0.5931 0.9648 0.5861 0.9672 0.5833 0.9703 0.5944 0.9727 0.5889 0.9750 0.5708 0.9742 0.5556 0.9727 0.5514 0.9727 0.5486 0.9750 0.5444 0.9750 0.5250 0.9734 0.5208 0.9742 0.5167 0.9656 0.5097
1 0.9977 0.4819 0.9961 0.4958 0.9891 0.5125 0.9875 0.5278 0.9875 0.5361 0.9914 0.5611 0.9914 0.5681 0.9953 0.5847 0.9945 0.5958 0.9977 0.6000 0.9992 0.6000 0.9992 0.4819