0 0.0000 0.4292 0.0000 0.5264 0.0055 0.5264 0.0086 0.5236 0.0203 0.5236 0.0266 0.5264 0.0328 0.5250 0.0359 0.5319 0.0398 0.5347 0.0500 0.5319 0.0508 0.5278 0.0539 0.5236 0.0539 0.5083 0.0523 0.5056 0.0539 0.4986 0.0531 0.4708 0.0578 0.4625 0.0602 0.4625 0.0578 0.4597 0.0563 0.4486 0.0523 0.4389 0.0437 0.4333 0.0312 0.4319 0.0289 0.4292
0 0.1117 0.4222 0.0883 0.4250 0.0820 0.4278 0.0734 0.4347 0.0688 0.4417 0.0586 0.4514 0.0609 0.4556 0.0617 0.4667 0.0555 0.4708 0.0547 0.4931 0.0523 0.5014 0.0523 0.5125 0.0594 0.5361 0.0656 0.5403 0.0750 0.5347 0.0781 0.5264 0.0875 0.5222 0.0984 0.5222 0.1070 0.5347 0.1156 0.5333 0.1187 0.5292 0.1289 0.5292 0.1344 0.5333 0.1445 0.5361 0.1523 0.5306 0.1516 0.5250 0.1539 0.5181 0.1562 0.5222 0.1586 0.5208 0.1609 0.5125 0.1609 0.5014 0.1594 0.4986 0.1594 0.4778 0.1617 0.4569 0.1609 0.4389 0.1539 0.4306 0.1469 0.4264 0.1281 0.4222
0 0.2492 0.3861 0.2320 0.3875 0.2281 0.3903 0.2117 0.3889 0.2047 0.3958 0.2039 0.4042 0.2023 0.4069 0.1867 0.4097 0.1828 0.4139 0.1781 0.4250 0.1680 0.4306 0.1633 0.4375 0.1633 0.4542 0.1617 0.4694 0.1617 0.5139 0.1633 0.5222 0.1633 0.5319 0.1648 0.5375 0.1672 0.5417 0.1719 0.5444 0.1883 0.5431 0.1930 0.5361 0.1945 0.5250 0.1977 0.5208 0.2008 0.5208 0.2062 0.5250 0.2172 0.5236 0.2203 0.5292 0.2234 0.5292 0.2320 0.5361 0.2367 0.5292 0.2398 0.5319 0.2445 0.5306 0.2547 0.5361 0.2656 0.5389 0.2789 0.5375 0.2867 0.5236 0.2945 0.5236 0.2969 0.5208 0.2992 0.5125 0.2992 0.5014 0.2969 0.4958 0.2969 0.4556 0.2953 0.4458 0.2859 0.4278 0.2859 0.4222 0.2875 0.4194 0.2859 0.4139 0.2805 0.4042 0.2797 0.4000 0.2734 0.3917 0.2562 0.3861
0 0.3328 0.3292 0.3289 0.3306 0.3234 0.3375 0.3172 0.3639 0.3156 0.3875 0.3156 0.4125 0.3141 0.4194 0.3164 0.4236 0.3156 0.4306 0.3172 0.4389 0.3156 0.4458 0.3156 0.4625 0.3141 0.4667 0.3141 0.4819 0.3156 0.4861 0.3141 0.4986 0.3156 0.5014 0.3156 0.5222 0.3180 0.5306 0.3344 0.5292 0.3375 0.5208 0.3516 0.5167 0.3703 0.5167 0.3773 0.5208 0.3820 0.5292 0.3969 0.5292 0.4000 0.5278 0.4016 0.5208 0.4008 0.4847 0.3992 0.4778 0.3992 0.4583 0.3969 0.4347 0.3969 0.3903 0.3945 0.3819 0.3953 0.3708 0.3898 0.3375 0.3844 0.3292 0.3445 0.3292
0 0.8453 0.3958 0.8289 0.3986 0.8227 0.4014 0.8180 0.4069 0.8109 0.4306 0.8117 0.4472 0.8102 0.4625 0.8133 0.4792 0.8164 0.4833 0.8211 0.4833 0.8258 0.4819 0.8289 0.4778 0.8352 0.4764 0.8531 0.4764 0.8555 0.4792 0.8609 0.4792 0.8641 0.4847 0.8727 0.4847 0.8781 0.4764 0.8867 0.4764 0.8961 0.4806 0.8977 0.4792 0.9008 0.4736 0.8992 0.4625 0.9000 0.4583 0.9016 0.4528 0.9047 0.4486 0.9039 0.4431 0.9000 0.4458 0.8984 0.4375 0.9000 0.4347 0.9039 0.4347 0.9039 0.4306 0.9000 0.4319 0.8977 0.4236 0.8938 0.4181 0.8867 0.4139 0.8766 0.4014 0.8641 0.3986 0.8609 0.3958 0.8500 0.3958
0 0.9195 0.3917 0.9187 0.3986 0.9133 0.4069 0.9141 0.4194 0.9125 0.4236 0.9133 0.4278 0.9117 0.4306 0.9133 0.4347 0.9117 0.4375 0.9117 0.4458 0.9156 0.4431 0.9180 0.4458 0.9180 0.4514 0.9195 0.4528 0.9359 0.4500 0.9367 0.4472 0.9367 0.4347 0.9352 0.4319 0.9359 0.4111 0.9336 0.4083 0.9336 0.4056 0.9359 0.4028 0.9352 0.4000 0.9313 0.4000 0.9305 0.3972 0.9289 0.3972 0.9281 0.3917 0.9234 0.3944 0.9211 0.3917
0 0.8102 0.4222 0.8078 0.4236 0.8008 0.4361 0.7992 0.4625 0.8000 0.4667 0.8102 0.4667 0.8094 0.4542 0.8109 0.4444 0.8109 0.4319 0.8125 0.4278 0.8125 0.4250 0.8109 0.4236
0 0.8875 0.4069 0.8867 0.4083 0.8883 0.4111 0.8883 0.4222 0.8930 0.4208 0.8961 0.4264 0.8953 0.4306 0.8977 0.4347 0.9000 0.4500 0.9039 0.4556 0.9078 0.4556 0.9102 0.4514 0.9109 0.4389 0.9094 0.4319 0.9055 0.4222 0.9016 0.4208 0.8984 0.4153 0.8945 0.4139 0.8891 0.4069
1 0.4188 0.4153 0.4156 0.4194 0.4156 0.4236 0.4133 0.4292 0.4133 0.4431 0.4148 0.4583 0.4164 0.4625 0.4148 0.4708 0.4148 0.4972 0.4195 0.5042 0.4242 0.5014 0.4242 0.4667 0.4258 0.4569 0.4250 0.4500 0.4273 0.4389 0.4266 0.4333 0.4195 0.4153
1 0.4430 0.3972 0.4398 0.4028 0.4352 0.4278 0.4352 0.4347 0.4398 0.4472 0.4391 0.4500 0.4430 0.4569 0.4437 0.4444 0.4453 0.4417 0.4445 0.4292 0.4461 0.4194 0.4437 0.4069 0.4437 0.3986
1 0.4500 0.4306 0.4430 0.4375 0.4422 0.4569 0.4453 0.4847 0.4453 0.4972 0.4437 0.5014 0.4461 0.5097 0.4523 0.5139 0.4594 0.5097 0.4594 0.5014 0.4570 0.4972 0.4555 0.4875 0.4562 0.4681 0.4547 0.4597 0.4547 0.4333 0.4523 0.4306
1 0.4578 0.4236 0.4547 0.4306 0.4539 0.4361 0.4539 0.4542 0.4570 0.4764 0.4555 0.4889 0.4570 0.4931 0.4578 0.5125 0.4602 0.5111 0.4625 0.5042 0.4625 0.4819 0.4648 0.4583 0.4648 0.4403 0.4625 0.4278 0.4602 0.4236
1 0.4820 0.4181 0.4773 0.4236 0.4742 0.4347 0.4742 0.4542 0.4773 0.4806 0.4781 0.5056 0.4820 0.5028 0.4852 0.5097 0.4875 0.5083 0.4875 0.5014 0.4852 0.4986 0.4797 0.4986 0.4789 0.4958 0.4813 0.4917 0.4859 0.4917 0.4898 0.4861 0.4883 0.4750 0.4898 0.4389 0.4883 0.4306 0.4859 0.4278 0.4859 0.4194 0.4828 0.4194
1 0.5016 0.4125 0.4938 0.4194 0.4953 0.4194 0.4969 0.4236 0.4922 0.4319 0.4938 0.4347 0.4930 0.4444 0.4953 0.4556 0.4945 0.4833 0.4953 0.5042 0.4969 0.5069 0.5070 0.5056 0.5062 0.4931 0.5078 0.4889 0.5078 0.4625 0.5133 0.4542 0.5133 0.4458 0.5117 0.4431 0.5109 0.4319 0.5078 0.4264 0.5062 0.4153 0.5031 0.4125
1 0.5211 0.4125 0.5188 0.4153 0.5188 0.4194 0.5141 0.4319 0.5156 0.4417 0.5148 0.4472 0.5180 0.4597 0.5180 0.4792 0.5164 0.4847 0.5258 0.4903 0.5289 0.4903 0.5289 0.4611 0.5312 0.4542 0.5305 0.4500 0.5320 0.4417 0.5305 0.4264 0.5266 0.4208 0.5250 0.4153 0.5219 0.4125
1 0.5641 0.4181 0.5586 0.4236 0.5563 0.4375 0.5563 0.4542 0.5602 0.4681 0.5680 0.4639 0.5695 0.4458 0.5672 0.4236 0.5648 0.4181
1 0.5641 0.4139 0.5625 0.4194 0.5586 0.4236 0.5563 0.4389 0.5570 0.4639 0.5594 0.4708 0.5586 0.4972 0.5602 0.5014 0.5664 0.5042 0.5695 0.5014 0.5680 0.4889 0.5695 0.4431 0.5672 0.4292 0.5672 0.4181 0.5664 0.4153 0.5648 0.4153
1 0.6070 0.4125 0.6070 0.4181 0.6023 0.4222 0.5992 0.4292 0.6023 0.4736 0.6008 0.5000 0.6023 0.5028 0.6102 0.5014 0.6094 0.4889 0.6117 0.4819 0.6125 0.4722 0.6141 0.4306 0.6109 0.4208 0.6109 0.4139 0.6086 0.4125
1 0.9656 0.4000 0.9617 0.4042 0.9508 0.4375 0.9508 0.4819 0.9539 0.4931 0.9523 0.5125 0.9555 0.5153 0.9570 0.5208 0.9625 0.5194 0.9656 0.5000 0.9703 0.4972 0.9703 0.4736 0.9727 0.4667 0.9734 0.4583 0.9766 0.4500 0.9742 0.4250 0.9688 0.4153 0.9664 0.4000
1 0.9977 0.4542 0.9953 0.4764 0.9930 0.4806 0.9875 0.5014 0.9906 0.5236 0.9891 0.5361 0.9867 0.5417 0.9859 0.5528 0.9828 0.5611 0.9883 0.5708 0.9883 0.5792 0.9859 0.5847 0.9812 0.5861 0.9805 0.5889 0.9805 0.5972 0.9820 0.6014 0.9859 0.6042 0.9930 0.5958 0.9992 0.5958 0.9992 0.5931 0.9969 0.5917 0.9969 0.5889 0.9992 0.5875 0.9992 0.4542